0.0
0.0
0.0
0.0
0.0
0.0
0.0
0.0
0.0
0.0
0.0
0.0
0.0
0.0
0.0
0.0045
0.0195
0.0345
0.0375
0.0585
0.1215
0.0915
0.111
0.114
0.096
0.096
0.0825
0.0645
0.0345
0.024
0.0195
0.009
0.0045
0.0
0.0
0.0
0.0
0.0
0.0
0.0
0.0
0.0
0.0
0.0
0.0
0.0
0.0
0.0
0.0
0.0
0.0
0.0
0.0
0.0
0.0
0.0
0.0
0.0
0.0
0.0
0.0
0.0
0.0045
0.0135
0.0375
0.06
0.0795
0.0975
0.156
0.138
0.1335
0.216
0.24
0.24
0.2055
0.189
0.1965
0.135
0.081
0.0495
0.018
0.0075
0.003
0.0
0.0
0.0
0.0
0.0
0.0
0.0
0.0
0.0
0.0
0.0
0.0
0.0
0.0
0.0
0.0
0.0
0.0
0.0
0.0
0.0
0.0
0.0
0.0
0.0
0.0015
0.0075
0.021
0.045
0.075
0.1155
0.156
0.171
0.213
0.2625
0.2985
0.3405
0.327
0.375
0.393
0.384
0.2985
0.2985
0.2115
0.207
0.1395
0.075
0.033
0.0075
0.0015
0.0
0.0
0.0
0.0
0.0
0.0
0.0
0.0
0.0
0.0
0.0
0.0
0.0
0.0
0.0
0.0
0.0
0.0
0.0
0.0
0.0
0.0045
0.0195
0.048
0.1275
0.351
0.6285
0.375
1.1895
1.209
0.2505
0.1995
0.2115
0.1545
0.2805
0.21
0.366
0.12
0.123
0.12
0.126
0.1155
0.1125
0.1035
0.093
0.0795
0.06
0.027
0.0075
0.0015
0.0
0.0
0.0
0.0
0.0
0.0
0.0
0.0
0.0
0.0045
0.0015
0.003
0.003
0.003
0.0015
0.0
0.0015
0.006
0.0195
0.0375
0.165
0.6975
0.945
1.1775
1.401
1.485
0.7845
1.971
2.0655
0.315
0.6255
2.154
2.286
2.2545
2.118
1.1595
0.204
0.1905
0.183
0.1815
0.1875
0.6495
0.8475
0.642
0.327
0.225
0.0495
0.018
0.006
0.006
0.0045
0.0045
0.006
0.0045
0.003
0.003
0.003
0.0
0.0
0.0
0.0
0.0
0.0
0.003
0.009
0.0285
0.0645
0.138
0.288
0.8445
1.101
1.329
1.5555
1.491
1.3245
1.287
2.151
0.807
0.7395
1.17
1.6095
1.6845
1.965
1.8165
1.371
1.9065
1.884
1.4445
1.686
1.1295
0.75
0.4425
0.5595
0.366
0.1095
0.066
0.027
0.0075
0.0015
0.0
0.0
0.0
0.0
0.0
0.0
0.0
0.0
0.0
0.0
0.0
0.0
0.003
0.0105
0.0285
0.0765
0.1665
0.276
0.537
0.6
0.66
0.4455
0.339
0.3255
0.3735
0.3495
0.3585
0.4545
0.3795
0.5355
0.456
0.369
0.315
0.357
0.324
0.3255
0.42
0.348
0.2415
0.204
0.2055
0.183
0.1305
0.1155
0.03
0.0165
0.0075
0.003
0.0
0.0
0.0
0.0
0.0
0.0
0.0
0.0015
0.0
0.0
0.0
0.0
0.0
0.0015
0.0075
0.024
0.0525
0.111
0.423
0.0945
0.354
0.1815
0.045
0.177
0.3315
0.522
0.267
0.4275
0.4305
1.0635
1.233
1.6545
1.0005
1.218
1.248
1.356
1.1235
1.218
1.1685
0.8625
0.429
0.384
0.1095
0.078
0.0225
0.0075
0.003
0.0
0.0
0.0
0.0
0.0
0.0
0.0
0.0
0.0
0.0
0.0
0.0
0.0
0.0
0.0
0.0
0.003
0.0075
0.0225
0.0435
0.3465
0.4995
0.5475
0.288
0.5055
0.399
0.42
0.1335
0.315
0.174
0.096
0.084
0.0795
0.0825
0.0795
0.0915
0.087
0.063
0.0615
0.0585
0.0525
0.0495
0.0375
0.018
0.006
0.003
0.0
0.0015
0.0
0.0
0.0
0.0
0.0
0.0
0.0
0.0
0.0
0.0
0.0
0.0
0.0
0.0
0.0
0.0
0.0
0.0
0.0
0.006
0.0075
0.0195
0.0405
0.024
0.03
0.0405
0.057
0.1125
0.1095
0.0975
0.096
0.1185
0.0675
0.0435
0.1065
0.111
0.0885
0.1035
0.0465
0.042
0.024
0.0105
0.0045
0.0
0.0
0.0
0.0
0.0
0.0
0.0015
0.0
0.0
0.0
0.0
0.0
0.0
0.0
0.0
0.0
0.0
0.0
0.0
0.0
0.0
0.0
0.0
0.0
0.0
0.0045
0.009
0.021
0.0405
0.024
0.0585
0.0585
0.0495
0.087
0.09
0.081
0.096
0.078
0.075
0.0945
0.0495
0.0405
0.03
0.018
0.009
0.0045
0.0
0.0
0.0
0.0
0.0
0.0
0.0015
0.0
0.0
0.0
0.0
0.0
0.0
0.0
0.0
0.0
0.0
0.0
0.0
0.0
0.0
0.0
0.0
0.0
0.0
0.0
0.0
0.0
0.003
0.0075
0.018
0.0315
0.042
0.0465
0.0825
0.0825
0.0705
0.0555
0.0825
0.09
0.0675
0.054
0.0435
0.0255
0.018
0.0075
0.0045
0.0
0.0
0.0
0.0015
0.0
0.0
0.0
0.0
0.0015
0.0
0.0
0.0
0.0
0.0
0.0
0.0
0.0
0.0
0.0
0.0
0.0
0.0
0.0
0.0
0.0
0.0
0.0
0.0
0.0015
0.0135
0.057
0.0915
0.1185
0.198
0.2025
0.228
0.3165
0.3705
0.3465
0.3345
0.27
0.228
0.2295
0.1635
0.1335
0.114
0.0705
0.0405
0.0135
0.0045
0.0
0.0
0.0
0.0
0.0
0.0
0.0
0.0
0.0
0.0
0.0
0.0
0.0
0.0
0.0
0.0
0.0
0.0
0.0
0.0
0.0
0.0
0.0
0.0
0.0
0.0
0.0
0.0045
0.0075
0.021
0.0495
0.1185
0.1365
0.231
0.198
0.2055
0.249
0.399
0.2535
0.276
0.1245
0.1575
0.1005
0.2295
0.2325
0.063
0.0255
0.0075
0.0015
0.0
0.0
0.0
0.0
0.0
0.0
0.0
0.0
0.0
0.0
0.0
0.0
0.0
0.0
0.0
0.0
0.0
0.0015
0.0
0.0
0.0
0.0
0.0
0.0
0.0
0.0015
0.012
0.057
0.09
0.1185
0.114
0.0945
0.0975
0.096
0.1005
0.1185
0.0945
0.147
0.189
0.207
0.189
0.1425
0.1215
0.075
0.0345
0.018
0.006
0.0015
0.0
0.0
0.0
0.0
0.0
0.0
0.0
0.0
0.0
0.0
0.0
0.0
0.0
0.0
0.0
0.0
0.0
0.0
0.0
0.0
0.0
0.0
0.0
0.0
0.0
0.003
0.0105
0.042
0.0525
0.1035
0.1845
0.249
0.3075
0.3315
0.363
0.354
0.3615
0.312
0.3015
0.3255
0.3195
0.27
0.213
0.1605
0.102
0.0435
0.012
0.0015
0.0
0.0
0.0
0.0
0.0
0.0
0.0
0.0
0.0
0.0
0.0
0.0
0.0
0.0
0.0
0.0
0.0
0.0
0.0
0.0
0.0
0.0
0.0
0.0
0.0
0.003
0.0135
0.0375
0.063
0.084
0.1005
0.1005
0.114
0.1215
0.12
0.123
0.12
0.1725
0.273
0.3015
0.1785
0.2115
0.2715
0.1485
0.0855
0.0345
0.012
0.003
0.0
0.0
0.0
0.0
0.0
0.0
0.0
0.0
0.0
0.0
0.0
0.0
0.0
0.0
0.0
0.0
0.0
0.0
0.0
0.0
0.0
0.0
0.0
0.0
0.0
0.0045
0.018
0.051
0.0945
0.129
0.159
0.2445
0.273
0.228
0.1995
0.225
0.186
0.162
0.2145
0.219
0.1785
0.1365
0.1095
0.0975
0.0915
0.0525
0.015
0.003
0.0
0.0
0.0
0.0
0.0
0.0
0.0
0.0
0.0
0.0
0.0
0.0
0.0
0.0
0.0
0.0
0.0
0.0
0.0
0.0
0.0
0.0
0.0
0.0
0.0
0.003
0.015
0.0465
0.072
0.078
0.084
0.0915
0.0945
0.093
0.099
0.1005
0.105
0.1035
0.1035
0.102
0.102
0.1005
0.09
0.078
0.0645
0.039
0.0135
0.003
0.0
0.0
0.0
0.0
0.0
0.0
0.0
0.0
0.0
0.0
0.0
0.0
0.0
0.0
0.0
0.0
0.0
0.0
0.0
0.0
0.0
0.0
0.0
0.0
0.0
0.003
0.0075
0.024
0.0705
0.099
0.1275
0.177
0.1665
0.2115
0.2775
0.297
0.267
0.3405
0.2745
0.2625
0.2385
0.207
0.144
0.087
0.096
0.0495
0.0135
0.003
0.0
0.0
0.0
0.0
0.0
0.0
0.0
0.0
0.0
0.0
0.0
0.0
0.0
0.0
0.0
0.0
0.0
0.0
0.0
0.0
0.0
0.0
0.0
0.0
0.0
0.003
0.0075
0.0225
0.054
0.0945
0.093
0.126
0.18
0.165
0.1605
0.1545
0.156
0.1725
0.1905
0.216
0.207
0.162
0.1335
0.072
0.054
0.0195
0.0075
0.003
0.0
0.0
0.0
0.0
0.0
0.0
0.0
0.0
0.0
0.0
0.0
0.0
0.0
0.0
0.0
0.0
0.0
0.0
0.0
0.0
0.0
0.0
0.0
0.0
0.0
0.0045
0.009
0.024
0.039
0.1155
0.1605
0.2445
0.1995
0.1965
0.216
0.2175
0.2085
0.186
0.279
0.306
0.204
0.114
0.0915
0.0795
0.045
0.0225
0.0075
0.0015
0.0
0.0
0.0
0.0
0.0
0.0
0.0
0.0
0.0
0.0
0.0
0.0
0.0
0.0
0.0
0.0
0.0
0.0
0.0
0.0
0.0
0.0
0.0
0.0
0.0
0.003
0.012
0.0705
0.114
0.165
0.2565
0.222
0.204
0.1425
0.1725
0.2925
0.3195
0.2535
0.225
0.303
0.21
0.156
0.144
0.075
0.0405
0.021
0.009
0.0045
0.0
0.0
0.0
0.0
0.0
0.0
0.0
0.0
0.0
0.0
0.0
0.0
0.0
0.0
0.0
0.0
0.0
0.0
0.0
0.0
0.0
0.0
0.0
0.0
0.0
0.003
0.0075
0.0135
0.027
0.054
0.0645
0.0735
0.093
0.096
0.117
0.117
0.126
0.1425
0.102
0.1275
0.1185
0.108
0.1035
0.0705
0.048
0.024
0.0195
0.0045
0.0
0.0
0.0
0.0
0.0
0.0
0.0
0.0
0.0
0.0
0.0
0.0
0.0
0.0
0.0
0.0
0.0
0.0
0.0
0.0
0.0
0.0
0.0
0.0
0.0
0.0045
0.0075
0.021
0.027
0.0675
0.0675
0.123
0.12
0.135
0.156
0.1755
0.1695
0.099
0.108
0.12
0.1005
0.075
0.0495
0.039
0.027
0.0195
0.0075
0.0045
0.0
0.0
0.0
0.0
0.0
0.0
0.0
0.0
0.0
0.0
0.0
0.0
0.0
0.0
0.0
0.0
0.0
0.0
0.0
0.0
0.0
0.0
0.0
0.0
0.0
0.0045
0.0075
0.0165
0.0255
0.036
0.048
0.054
0.0615
0.0795
0.087
0.111
0.09
0.093
0.099
0.0885
0.0735
0.051
0.0735
0.045
0.036
0.018
0.0075
0.0015
0.0
0.0
0.0
0.0
0.0
0.0
0.0
0.0
0.0
0.0
0.0
0.0
0.0
0.0
0.0
0.0
0.0
0.0
0.0
0.0
0.0
0.0
0.0
0.0
0.0
0.0045
0.009
0.021
0.0345
0.057
0.0705
0.0855
0.126
0.1545
0.2025
0.258
0.3705
0.3825
0.333
0.204
0.192
0.159
0.1395
0.1065
0.1245
0.081
0.0345
0.0075
0.0
0.0
0.0
0.0
0.0
0.0
0.0
0.0
0.0
0.0
0.0
0.0
0.0
0.0
0.0
0.0
0.0
0.0
0.0
0.0
0.0
0.0
0.0
0.0
0.0
0.0075
0.0195
0.0585
0.102
0.171
0.2055
0.2025
0.297
0.3405
0.3045
0.2325
0.2475
0.291
0.27
0.2265
0.222
0.201
0.1545
0.15
0.1185
0.066
0.024
0.006
0.0
0.0
0.0
0.0
0.0
0.0
0.0
0.0
0.0
0.0
0.0
0.0
