0.0
0.0
0.0
0.0
0.0
0.0
0.0
0.0
0.0
0.0
0.0
0.0
0.0
0.0
0.0
0.003
0.009
0.0345
0.057
0.0915
0.111
0.108
0.1125
0.144
0.1215
0.1185
0.1035
0.1815
0.1365
0.0675
0.0315
0.021
0.0075
0.0015
0.0
0.0
0.0
0.0
0.0
0.0
0.0
0.0
0.0
0.0
0.0
0.0
0.0
0.0
0.0
0.0
0.0
0.0
0.0
0.0
0.0
0.0
0.0
0.0
0.0
0.0
0.0
0.0
0.006
0.015
0.03
0.036
0.078
0.0885
0.096
0.111
0.159
0.156
0.15
0.1425
0.159
0.144
0.093
0.0975
0.0795
0.0525
0.021
0.012
0.0045
0.0
0.0
0.0
0.0
0.0
0.0
0.0
0.0
0.0
0.0
0.0
0.0
0.0
0.0
0.0
0.0
0.0
0.0
0.0
0.0
0.0
0.0
0.0
0.0
0.0
0.006
0.0315
0.0915
0.153
0.219
0.2355
0.2325
0.2025
0.186
0.2565
0.2175
0.2805
0.2655
0.174
0.228
0.171
0.228
0.1695
0.174
0.1275
0.1485
0.1005
0.0465
0.015
0.0045
0.0
0.0
0.0
0.0
0.0
0.0
0.0
0.0
0.0
0.0
0.0
0.0
0.0
0.0
0.0
0.0
0.0
0.0
0.0
0.0
0.0
0.006
0.0135
0.03
0.117
0.1215
0.186
0.2835
0.225
0.2235
0.444
0.3675
0.5415
0.216
0.399
0.0855
0.4275
0.312
0.4095
0.375
0.234
0.366
0.336
0.3585
0.1275
0.0435
0.09
0.036
0.009
0.003
0.0
0.0
0.0
0.0
0.0
0.0
0.0
0.0
0.0
0.0
0.0
0.0
0.0
0.0
0.0
0.0
0.0045
0.0105
0.03
0.054
0.2235
0.7545
0.75
1.143
1.2015
1.221
0.84
1.1025
1.533
0.6765
1.254
1.3095
2.127
2.4465
1.845
1.0035
0.5115
0.4215
0.291
0.3255
0.3105
0.204
0.111
0.0615
0.045
0.033
0.0105
0.0135
0.006
0.0
0.0
0.0
0.0
0.0
0.0
0.0
0.0
0.0
0.0
0.0
0.0
0.0
0.0
0.0015
0.006
0.0225
0.042
0.06
0.066
0.0825
0.1215
0.147
0.159
0.285
0.3735
0.567
0.6015
0.6495
0.8235
0.6495
0.408
0.315
0.3675
0.3345
0.183
0.213
0.1875
0.1965
0.1455
0.09
0.069
0.126
0.0405
0.0375
0.0255
0.0225
0.0165
0.006
0.0015
0.0
0.0
0.0
0.0
0.0
0.0
0.0
0.0
0.0
0.0
0.0
0.0
0.0
0.006
0.0135
0.045
0.0585
0.0765
0.1095
0.108
0.1455
0.2085
0.303
0.3645
0.369
0.5535
0.78
0.831
1.821
1.9425
1.9815
1.9485
1.9395
1.8615
1.71
1.6185
1.5615
1.101
1.02
0.891
0.7305
0.3945
0.3105
0.165
0.0825
0.0375
0.009
0.0015
0.0
0.0
0.0
0.0
0.0
0.0
0.0
0.0
0.0
0.0
0.0
0.0
0.0
0.0
0.003
0.0105
0.0315
0.0645
0.159
0.264
0.285
0.3075
0.5205
0.702
1.5435
1.4385
0.663
0.6555
1.2645
0.66
1.6665
1.155
0.567
0.6015
0.366
0.561
0.462
0.3735
0.411
0.264
0.147
0.177
0.0945
0.051
0.0135
0.006
0.0
0.0
0.0
0.0
0.0
0.0
0.0
0.0
0.0
0.0
0.0
0.0
0.0
0.0
0.0015
0.0
0.0
0.0
0.003
0.006
0.012
0.021
0.0465
0.06
0.0825
0.183
0.2235
0.1815
0.198
0.162
0.21
0.1785
0.198
0.1725
0.174
0.153
0.1695
0.1125
0.1155
0.138
0.0735
0.06
0.0375
0.0225
0.0075
0.0015
0.0
0.0
0.0
0.0
0.0
0.0
0.0
0.0
0.0
0.0
0.003
0.0015
0.003
0.003
0.003
0.003
0.003
0.003
0.003
0.003
0.003
0.0045
0.006
0.012
0.0315
0.033
0.042
0.036
0.036
0.075
0.1275
0.1365
0.126
0.1035
0.126
0.1425
0.1215
0.12
0.0855
0.078
0.0585
0.042
0.0255
0.0105
0.006
0.003
0.003
0.003
0.0015
0.0015
0.0015
0.0015
0.003
0.0
0.0
0.003
0.003
0.0015
0.0
0.0
0.0
0.0
0.0
0.0
0.0
0.0
0.0
0.0
0.0
0.0
0.0
0.0015
0.006
0.0135
0.021
0.048
0.048
0.066
0.0585
0.09
0.0855
0.0555
0.063
0.111
0.1005
0.0765
0.069
0.051
0.0285
0.018
0.006
0.0015
0.0
0.0
0.0
0.0
0.0
0.0
0.0
0.0
0.0
0.0
0.0
0.0
0.0
0.0
0.0
0.0
0.0
0.0
0.0
0.0
0.0
0.0
0.0
0.0
0.0015
0.0
0.0
0.0
0.0
0.006
0.0165
0.036
0.051
0.0615
0.0915
0.093
0.099
0.087
0.0735
0.0795
0.0855
0.0555
0.036
0.024
0.0135
0.0075
0.0045
0.0
0.0
0.0
0.0
0.0
0.0
0.0
0.0
0.0
0.0
0.0
0.0
0.0
0.0
0.0
0.0
0.0
0.0
0.0
0.0015
0.0
0.0
0.0
0.0
0.0
0.0
0.0
0.0
0.0
0.0015
0.0045
0.0075
0.0135
0.0135
0.024
0.039
0.051
0.057
0.0465
0.054
0.054
0.033
0.024
0.0285
0.0135
0.0105
0.0045
0.0
0.0
0.0
0.0
0.0
0.0
0.0
0.0
0.0
0.0
0.0
0.0
0.0
0.0
0.0
0.0
0.0
0.0
0.0
0.0
0.0
0.0
0.0
0.0
0.0
0.0
0.0
0.0
0.0
0.0
0.0
0.0075
0.021
0.0225
0.027
0.045
0.0615
0.0345
0.039
0.0375
0.0345
0.045
0.057
0.057
0.042
0.024
0.009
0.006
0.0015
0.0
0.0
0.0
0.0
0.0
0.0
0.0
0.0
0.0
0.0
0.0
0.0
0.0
0.0
0.0
0.0
0.0
0.0
0.0
0.0
0.0
0.0
0.0
0.0
0.0
0.0
0.0
0.0
0.0
0.0
0.006
0.012
0.027
0.0525
0.063
0.03
0.033
0.0555
0.039
0.03
0.0195
0.0135
0.0375
0.021
0.0105
0.006
0.0045
0.0
0.0
0.0
0.0
0.0
0.0
0.0
0.0
0.0
0.0
0.0
0.0
0.0
0.0
0.0
0.0
0.0
0.0
0.0
0.0
0.0
0.0
0.0
0.0
0.0
0.0
0.0
0.0
0.0
0.0
0.0
0.006
0.0075
0.015
0.0105
0.039
0.0195
0.0375
0.0585
0.0315
0.033
0.0435
0.027
0.0315
0.0165
0.0255
0.015
0.006
0.0
0.0
0.0
0.0
0.0
0.0
0.0
0.0
0.0
0.0
0.0
0.0
0.0
0.0
0.0
0.0
0.0
0.0
0.0
0.0
0.0
0.0
0.0
0.0
0.0
0.0
0.0
0.0
0.0
0.0
0.0
0.003
0.006
0.027
0.045
0.0435
0.0645
0.0645
0.078
0.054
0.039
0.0345
0.048
0.036
0.03
0.021
0.0135
0.006
0.0015
0.0
0.0
0.0
0.0
0.0
0.0
0.0
0.0
0.0
0.0
0.0
0.0
0.0
0.0
0.0
0.0
0.0
0.0
0.0
0.0
0.0
0.0
0.0
0.0
0.0
0.0
0.0
0.0
0.0
0.003
0.0045
0.0075
0.0165
0.024
0.0345
0.0525
0.072
0.075
0.0705
0.072
0.0825
0.0405
0.042
0.033
0.015
0.009
0.006
0.0015
0.0
0.0
0.0
0.0
0.0
0.0
0.0
0.0
0.0
0.0
0.0
0.0
0.0
0.0
0.0
0.0
0.0
0.0
0.0
0.0
0.0
0.0
0.0
0.0
0.0
0.0015
0.0
0.0
0.0
0.0
0.0045
0.009
0.0165
0.021
0.027
0.042
0.0315
0.0345
0.036
0.039
0.039
0.039
0.036
0.0315
0.0255
0.021
0.006
0.003
0.0
0.0
0.0
0.0
0.0
0.0
0.0
0.0
0.0
0.0
0.0
0.0
0.0
0.0
0.0
0.0
0.0
0.0
0.0
0.0
0.0
0.0
0.0
0.0
0.0
0.0
0.0
0.0
0.0
0.0
0.0045
0.0075
0.0165
0.0255
0.03
0.0285
0.033
0.0345
0.036
0.036
0.036
0.0345
0.0345
0.048
0.0465
0.0195
0.006
0.003
0.0
0.0
0.0
0.0
0.0
0.0
0.0
0.0
0.0
0.0
0.0
0.0
0.0
0.0
0.0
0.0
0.0
0.0
0.0
0.0
0.0
0.0
0.0
0.0
0.0
0.0
0.0
0.0
0.0
0.0
0.0015
0.006
0.009
0.015
0.0255
0.0135
0.0345
0.036
0.024
0.0165
0.0105
0.0345
0.0285
0.0315
0.018
0.009
0.006
0.003
0.0
0.0
0.0
0.0
0.0
0.0
0.0
0.0
0.0
0.0
0.0
0.0
0.0
0.0
0.0
0.0
0.0
0.0
0.0
0.0
0.0
0.0
0.0
0.0
0.0
0.0
0.0
0.0
0.0
0.0
0.0045
0.006
0.012
0.027
0.051
0.0435
0.0765
0.0705
0.066
0.0645
0.0945
0.0885
0.0615
0.0315
0.0315
0.0285
0.0075
0.003
0.0
0.0
0.0
0.0
0.0
0.0
0.0
0.0
0.0
0.0
0.0
0.0
0.0
0.0
0.0
0.0
0.0
0.0
0.0
0.0
0.0
0.0
0.0
0.0
0.0
0.0
0.0
0.0
0.0
0.0
0.003
0.0075
0.009
0.0135
0.03
0.0225
0.045
0.0315
0.0435
0.0435
0.033
0.0315
0.0225
0.0165
0.0075
0.006
0.006
0.0
0.0
0.0
0.0
0.0
0.0
0.0
0.0
0.0
0.0
0.0
0.0
0.0
0.0
0.0
0.0
0.0
0.0
0.0
0.0
0.0
0.0
0.0
0.0
0.0
0.0
0.0
0.0
0.0
0.0
0.0
0.003
0.006
0.012
0.0195
0.027
0.042
0.0705
0.0705
0.0675
0.087
0.0615
0.06
0.051
0.0435
0.0255
0.0165
0.0075
0.003
0.0
0.0
0.0
0.0
0.0
0.0
0.0
0.0
0.0
0.0
0.0
0.0
0.0
0.0
0.0
0.0
0.0
0.0
0.0
0.0
0.0
0.0
0.0
0.0
0.0
0.0
0.0
0.0
0.0
0.0
0.003
0.0075
0.0105
0.0135
0.021
0.0495
0.027
0.0495
0.03
0.0375
0.0225
0.027
0.039
0.0495
0.036
0.021
0.0075
0.0015
0.0
0.0
0.0
0.0
0.0
0.0
0.0
0.0
0.0
0.0
0.0
0.0
0.0
0.0
0.0
0.0
0.0
0.0
0.0
0.0
0.0
0.0
0.0
0.0
0.0
0.0
0.0
0.0
0.0
0.0
0.0015
0.006
0.015
0.03
0.045
0.03
0.033
0.0345
0.0825
0.093
0.0675
0.0735
0.0675
0.054
0.0345
0.0195
0.0075
0.003
0.0
0.0
0.0
0.0
0.0
0.0
0.0
0.0
0.0
0.0
0.0
0.0
0.0
0.0
0.0
0.0
0.0
0.0
0.0
0.0
0.0
0.0
0.0
0.0
0.0
0.0
0.0
0.0
0.0
0.0
0.0015
0.006
0.009
0.015
0.0225
0.0285
0.0345
0.0345
0.0435
0.039
0.0345
0.036
0.042
0.0255
0.012
0.0165
0.0075
0.0045
0.0
0.0
0.0
0.0015
0.0
0.0
0.0
0.0
0.0
0.0
0.0
0.0
0.0
0.0
0.0
0.0
0.0
0.0
0.0
0.0
0.0
0.0
0.0
0.0
0.0
0.0
0.0
0.0
0.0
0.0
0.0045
0.0075
0.0105
0.0225
0.027
0.033
0.0345
0.0285
0.0345
0.036
0.036
0.0285
0.03
0.0405
0.0195
0.0105
0.0075
0.003
0.0
0.0
0.0
0.0
0.0
0.0
0.0
0.0
0.0
0.0
0.0
0.0
0.0
0.0
0.0
0.0
0.0
0.0
0.0
0.0
0.0
0.0
0.0
0.0
0.0
0.0
0.0
0.0
0.0
0.0
0.003
0.0075
0.0135
0.0225
0.027
0.0315
0.0345
0.036
0.036
0.039
0.039
0.0375
0.036
0.0345
0.0285
0.021
0.006
0.003
0.0
0.0
0.0
0.0
0.0
0.0
0.0
0.0
0.0
0.0
0.0
0.0
0.0
0.0
0.0
0.0
0.0
0.0
0.0
0.0
0.0
0.0
0.0
0.0
0.0
0.0
0.0
0.0
0.0
0.0
0.0015
0.006
0.0105
0.021
0.018
0.021
0.036
0.027
0.0195
0.0255
0.024
0.0765
0.042
0.057
0.024
0.0165
0.009
0.0045
0.0
0.0
0.0
0.0
0.0
0.0
0.0
0.0
0.0
0.0
0.0
0.0
0.0
0.0
0.0
0.0
0.0
0.0
0.0
0.0
0.0
0.0
0.0
0.0
0.0
0.0
0.0
0.0
0.0
0.0
0.0015
0.006
0.018
0.0345
0.054
0.066
0.105
0.108
0.075
0.0405
0.024
0.027
0.0195
0.018
0.0135
0.009
0.0075
0.003
0.0
0.0
0.0
0.0
0.0
0.0
0.0
0.0
0.0
0.0
0.0
0.0
0.0
0.0
0.0
