0.0
0.0
0.0
0.0
0.0
0.0
0.0
0.0
0.0
0.0
0.0
0.0
0.0
0.0
0.0
0.0015
0.0105
0.0585
0.081
0.063
0.078
0.09
0.1125
0.0765
0.0615
0.054
0.069
0.06
0.0855
0.0435
0.0225
0.009
0.003
0.0
0.0
0.0
0.0
0.0
0.0
0.0
0.0
0.0
0.0
0.0
0.0
0.0
0.0
0.0
0.0
0.0
0.0
0.0
0.0
0.0
0.0
0.0
0.0
0.0
0.0
0.0
0.0
0.0
0.0045
0.015
0.042
0.0705
0.0615
0.171
0.195
0.204
0.1965
0.2085
0.249
0.2025
0.216
0.1815
0.1275
0.1095
0.0915
0.063
0.0195
0.015
0.0045
0.0
0.0
0.0
0.0
0.0
0.0
0.0
0.0
0.0
0.0
0.0
0.0
0.0
0.0
0.0
0.0
0.0
0.0
0.0
0.0
0.0
0.0
0.0
0.0
0.0
0.0045
0.012
0.0225
0.039
0.0885
0.1665
0.222
0.285
0.2865
0.3645
0.435
0.426
0.3795
0.42
0.4425
0.426
0.3675
0.2925
0.222
0.1545
0.0975
0.036
0.024
0.0075
0.0
0.0
0.0
0.0
0.0
0.0
0.0
0.0
0.0
0.0
0.0
0.0
0.0
0.0
0.0
0.0
0.0
0.0
0.0
0.0
0.0
0.0
0.0075
0.024
0.048
0.273
0.453
0.744
0.4365
1.29
0.8625
0.642
0.525
0.4515
0.4665
0.555
0.387
0.483
0.495
0.3765
0.324
0.267
0.1995
0.264
0.132
0.126
0.1185
0.0735
0.0315
0.0075
0.0015
0.0
0.0
0.0
0.0
0.0
0.0
0.0
0.0
0.0
0.0
0.0
0.0
0.0
0.0
0.0
0.0
0.0015
0.006
0.0225
0.0765
0.3435
0.6435
0.8235
1.041
1.251
1.4505
0.6855
1.8615
1.4235
0.5925
0.7185
0.4755
0.8655
2.124
2.37
2.1345
1.923
1.287
0.84
0.882
1.0605
0.729
0.6135
0.4995
0.2715
0.198
0.054
0.015
0.006
0.0
0.0
0.0
0.0
0.0
0.0
0.0
0.0
0.0
0.0
0.0
0.0
0.0
0.0
0.003
0.0075
0.03
0.0735
0.1185
0.2295
0.297
0.468
1.236
1.443
1.6455
1.35
1.173
2.0565
0.7815
0.651
2.292
2.3115
2.301
2.247
2.1525
2.025
1.947
1.797
1.6335
1.458
1.2525
1.0485
0.702
0.5595
0.39
0.0915
0.0615
0.0315
0.009
0.003
0.0
0.0
0.0
0.0
0.0
0.0
0.0
0.0
0.0
0.0
0.0
0.0
0.0015
0.0075
0.027
0.0645
0.0945
0.1215
0.651
0.948
1.1565
1.3695
1.5645
1.554
0.8595
2.0655
1.035
0.315
2.3535
2.3835
2.1105
2.298
2.172
2.118
1.956
1.815
1.638
1.4385
1.23
1.011
0.7695
0.453
0.372
0.1155
0.087
0.0435
0.0135
0.003
0.0
0.0
0.0
0.0
0.0
0.0
0.0
0.0
0.0
0.0
0.0
0.0
0.0
0.0
0.006
0.0135
0.03
0.045
0.273
0.858
0.7305
1.143
1.491
0.627
1.8315
1.9245
0.861
0.435
1.4565
0.846
0.5895
1.35
1.0185
0.9555
0.774
0.5985
0.597
0.498
0.711
0.2895
0.174
0.1965
0.183
0.066
0.03
0.0075
0.0015
0.0
0.0
0.0
0.0
0.0
0.0
0.0
0.0
0.0
0.0
0.0
0.0
0.0
0.0
0.0
0.0
0.0
0.0045
0.012
0.0435
0.042
0.0435
0.054
0.054
0.048
0.045
0.0585
0.0855
0.066
0.063
0.132
0.078
0.075
0.075
0.0315
0.0495
0.1635
0.0885
0.132
0.0735
0.0795
0.0555
0.0315
0.021
0.0075
0.0
0.0
0.0
0.0
0.0
0.0
0.0
0.0
0.0
0.0
0.0
0.0
0.0
0.0
0.0
0.0
0.0
0.0
0.0
0.0
0.0
0.003
0.0075
0.015
0.0225
0.024
0.0285
0.033
0.0375
0.039
0.039
0.0405
0.045
0.0525
0.0765
0.069
0.0825
0.093
0.099
0.0765
0.0705
0.0705
0.0525
0.0285
0.0105
0.0045
0.0
0.0
0.0
0.0
0.0
0.0
0.0
0.0
0.0
0.0
0.0
0.0
0.0
0.0
0.0
0.0
0.0
0.0
0.0
0.0
0.0
0.0
0.0
0.0
0.0
0.003
0.0075
0.015
0.03
0.0465
0.072
0.072
0.0675
0.075
0.078
0.0765
0.084
0.054
0.039
0.027
0.0195
0.033
0.024
0.0135
0.006
0.003
0.0
0.0
0.0
0.0
0.0
0.0
0.0
0.0
0.0
0.0
0.0
0.0
0.0
0.0
0.0
0.0
0.0
0.0
0.0
0.0
0.0
0.0
0.0
0.0015
0.0
0.0
0.0
0.0
0.003
0.006
0.021
0.039
0.048
0.084
0.0825
0.054
0.0825
0.0915
0.099
0.1095
0.075
0.0585
0.051
0.0525
0.024
0.006
0.0045
0.0
0.0
0.0
0.0015
0.0
0.0
0.0
0.0
0.0
0.0
0.0
0.0
0.0
0.0
0.0
0.0
0.0
0.0
0.0
0.0
0.0
0.003
0.006
0.0075
0.021
0.0525
0.102
0.1185
0.0855
0.102
0.1725
0.222
0.3135
0.4215
0.258
0.2655
0.2025
0.1905
0.21
0.5355
0.495
0.3045
0.309
0.87
1.0185
0.714
0.453
0.6495
0.6825
0.144
0.2505
0.3
0.078
0.0555
0.036
0.009
0.006
0.0
0.0
0.0
0.0
0.0
0.0
0.0
0.0
0.0
0.0
0.0
0.0
0.0045
0.015
0.0495
0.0765
0.1845
0.2445
0.3165
0.408
0.555
0.2625
0.234
0.3015
0.588
0.375
0.549
0.5295
1.479
1.236
1.4745
1.704
1.9995
2.3535
2.1975
2.031
1.863
1.674
1.458
1.122
0.4725
0.6045
0.2655
0.141
0.0765
0.0255
0.006
0.003
0.0
0.0
0.0
0.0
0.0
0.0
0.0
0.0
0.0
0.0
0.0
0.0
0.003
0.0075
0.015
0.0615
0.078
0.1695
0.708
0.9
0.72
0.633
1.4775
1.0245
0.927
1.2585
0.903
0.7095
1.8465
0.9585
0.3495
0.6795
0.2205
0.4065
0.5385
0.783
0.1155
0.3525
0.5145
0.993
0.282
0.54
0.2715
0.1125
0.0435
0.0195
0.0075
0.0045
0.0
0.0
0.0
0.0
0.0
0.0
0.0
0.0
0.0
0.0
0.0
0.0
0.0045
0.012
0.0465
0.105
0.1455
0.231
0.3045
0.414
0.7815
1.02
1.14
0.957
0.858
0.894
0.8715
0.663
0.582
0.8535
0.8265
0.5685
0.9345
1.3365
1.152
0.669
0.6885
0.5415
0.876
0.642
0.6675
0.5535
0.339
0.1485
0.0855
0.039
0.009
0.0045
0.0
0.0
0.0
0.0
0.0
0.0
0.0
0.0
0.0
0.0
0.0
0.0
0.0045
0.012
0.0195
0.033
0.075
0.123
0.1545
0.162
0.276
0.4845
0.6255
0.8325
0.774
0.6915
0.732
0.6315
1.1055
1.7355
1.5555
0.7965
1.215
1.614
1.5525
0.9435
1.02
1.029
0.6855
0.576
0.525
0.3345
0.1575
0.1245
0.0885
0.033
0.012
0.0045
0.0
0.0
0.0
0.0
0.0
0.0
0.0
0.0
0.0
0.0
0.0
0.0
0.003
0.0105
0.036
0.0795
0.096
0.1875
0.2025
0.3105
0.4665
0.468
0.4005
1.0695
0.7695
1.194
0.7845
0.906
0.483
0.252
0.282
0.3495
0.324
0.24
0.36
0.6735
0.4065
0.336
0.354
0.1875
0.2295
0.5265
0.288
0.1335
0.126
0.0495
0.0135
0.0045
0.0
0.0
0.0
0.0
0.0
0.0
0.0
0.0
0.0
0.0
0.0
0.0
0.003
0.0075
0.021
0.06
0.045
0.0465
0.1815
0.3495
0.306
0.468
0.7335
0.858
0.5325
0.369
0.558
0.894
1.896
2.169
2.214
2.1735
1.977
1.7805
1.6575
1.0875
1.0215
0.8745
0.888
0.3705
0.195
0.252
0.141
0.0615
0.0525
0.0225
0.0075
0.0045
0.0
0.0
0.0
0.0
0.0
0.0
0.0
0.0
0.0
0.0
0.0
0.0
0.0045
0.0135
0.027
0.0705
0.1005
0.18
0.2355
0.6585
0.6015
0.9705
0.657
0.7665
0.558
0.48
0.4155
0.6345
0.3135
0.189
0.342
0.405
0.5565
0.5325
0.588
0.612
0.4425
0.525
0.249
0.294
0.276
0.294
0.2745
0.1515
0.093
0.0525
0.012
0.003
0.0
0.0
0.0
0.0
0.0
0.0
0.0
0.0
0.0
0.0
0.0
0.0
0.0045
0.0075
0.0255
0.0315
0.0585
0.06
0.1065
0.096
0.1635
0.2925
0.2385
0.33
0.375
0.198
0.216
0.2895
0.3945
0.4005
0.4605
0.7965
0.7395
0.345
0.7065
0.612
0.408
0.147
0.147
0.0945
0.1875
0.3435
0.273
0.1515
0.0675
0.0315
0.0105
0.0045
0.0
0.0
0.0
0.0
0.0
0.0
0.0
0.0
0.0
0.0
0.0
0.0
0.003
0.006
0.0135
0.039
0.0555
0.0915
0.093
0.0975
0.1245
0.129
0.2295
0.258
0.8175
2.0025
1.1715
0.588
1.2615
1.4415
0.9015
0.663
0.435
0.285
0.453
0.192
0.5025
0.4425
0.3315
0.4695
0.267
0.252
0.192
0.1455
0.0945
0.027
0.0075
0.003
0.0
0.0
0.0
0.0
0.0
0.0
0.0
0.0
0.0
0.0
0.0
0.0
0.003
0.006
0.012
0.0645
0.123
0.1875
0.351
0.4215
0.3255
0.8235
0.837
0.4905
1.0635
0.5265
0.4605
0.5175
0.6165
0.6675
0.555
0.378
0.432
0.3645
0.3105
0.4965
0.3195
0.432
0.354
0.3555
0.3435
0.138
0.054
0.0615
0.0495
0.0315
0.012
0.0045
0.0
0.0
0.0
0.0
0.0
0.0
0.0
0.0
0.0
0.0
0.0
0.0
0.0045
0.0075
0.0195
0.048
0.0765
0.1005
0.123
0.1425
0.168
0.258
0.3555
0.5325
0.5685
0.459
0.6885
0.5685
0.5415
0.552
0.459
0.4695
0.594
0.435
0.4575
0.771
0.6885
0.618
0.459
0.381
0.276
0.456
0.21
0.1215
0.0735
0.027
0.0075
0.0045
0.0
0.0
0.0
0.0
0.0
0.0
0.0
0.0
0.0
0.0
0.0
0.0
0.0045
0.0135
0.045
0.084
0.1035
0.1725
0.6015
0.8505
1.059
1.2015
1.431
1.488
0.948
1.8945
1.0965
0.669
1.287
1.845
1.5915
1.662
1.6875
1.5735
1.1325
0.99
1.152
0.963
0.6675
0.4455
0.3615
0.3255
0.357
0.141
0.0825
0.0345
0.0105
0.0045
0.0015
0.0
0.0
0.0
0.0
0.0
0.0
0.0
0.0
0.0
0.0
0.0
0.003
0.0075
0.0255
0.054
0.0975
0.129
0.162
0.249
0.3825
0.447
0.597
0.486
0.228
0.288
0.3045
0.8445
1.482
1.4985
1.2735
1.1775
0.3945
0.3735
0.6255
1.8375
0.7455
1.2735
0.5625
0.4365
0.288
0.3
0.27
0.177
0.114
0.063
0.009
0.003
0.0
0.0
0.0
0.0
0.0
0.0
0.0
0.0
0.0
0.0
0.0
0.0
0.003
0.009
0.0225
0.045
0.1065
0.1785
0.582
0.4965
0.519
0.444
0.825
0.822
1.0125
1.2015
1.1475
0.6105
1.872
1.047
0.9345
1.359
1.3035
1.242
0.9945
0.6825
0.4155
0.3855
0.2715
0.2385
0.201
0.138
0.12
0.0825
0.039
0.0195
0.009
0.0015
0.0
0.0
0.0
0.0
0.0
0.0
0.0
0.0
0.0
0.0
0.0
0.0
0.0015
0.0075
0.0165
0.0255
0.0675
0.159
0.2445
0.285
0.36
0.3825
0.4005
0.3945
0.357
0.267
0.384
0.348
0.2835
0.3885
0.264
0.3165
0.1785
0.1965
0.4335
0.8625
0.6165
0.4095
0.3015
0.228
0.1155
0.156
0.108
0.0525
0.0255
0.0135
0.006
0.0015
0.0
0.0
0.0
0.0
0.0
0.0
0.0
0.0
0.0
0.0
0.0
0.0
0.003
0.0075
0.0255
0.075
0.108
0.1635
0.24
0.333
0.4215
0.4695
0.5955
1.0065
0.9765
1.0755
1.113
0.972
1.44
1.7115
2.112
1.896
1.803
2.118
2.0745
1.7235
1.3185
1.3095
1.329
1.113
0.681
0.4275
0.201
0.1395
0.0765
0.0285
0.009
0.0045
0.0
0.0
0.0
0.0
0.0
0.0
0.0
0.0
0.0
0.0
0.0
0.0
0.003
0.0075
0.0225
0.0525
0.069
0.1185
0.7155
0.9555
1.2195
1.446
1.623
1.5915
0.81
1.9245
0.8505
0.6945
1.89
1.857
2.328
2.4315
2.2755
2.256
2.1
1.6725
1.3695
1.4595
1.3335
1.077
0.8805
0.6255
0.45
0.0615
0.045
0.0315
0.0105
0.0045
0.0
0.0
0.0
0.0
0.0
0.0
