0.0
0.0
0.0
0.0
0.0
0.0
0.0
0.0
0.0
0.0
0.0
0.0
0.0
0.0
0.0
0.0045
0.012
0.0405
0.0615
0.093
0.0795
0.078
0.1275
0.12
0.1935
0.1065
0.1065
0.108
0.075
0.0645
0.042
0.018
0.0045
0.0
0.0
0.0
0.0
0.0
0.0
0.0
0.0
0.0
0.0
0.0
0.0
0.0
0.0
0.0
0.0
0.0
0.0
0.0
0.0
0.0
0.0
0.0
0.0
0.0
0.0
0.0
0.0
0.0
0.0045
0.0135
0.0225
0.042
0.0795
0.09
0.102
0.108
0.111
0.1365
0.1875
0.1395
0.093
0.084
0.06
0.039
0.0225
0.0165
0.0105
0.0075
0.003
0.0
0.0
0.0
0.0
0.0
0.0
0.0
0.0
0.0
0.0
0.0
0.0
0.0
0.0
0.0
0.0
0.0
0.0
0.0
0.0
0.0
0.0
0.0
0.0
0.0
0.0045
0.0135
0.036
0.057
0.078
0.0885
0.1575
0.2325
0.2535
0.282
0.2355
0.1515
0.2025
0.2085
0.1335
0.0945
0.063
0.0705
0.057
0.0525
0.051
0.0375
0.033
0.0075
0.0015
0.0
0.0
0.0
0.0
0.0
0.0
0.0
0.0
0.0
0.0
0.0
0.0
0.0
0.0
0.0
0.0
0.0
0.0
0.0
0.0
0.0015
0.006
0.0195
0.039
0.045
0.12
0.2055
0.2925
0.6075
0.765
0.819
0.429
0.7575
0.5595
0.4305
0.5745
0.6495
0.606
0.5025
0.4965
0.4995
0.4575
0.3825
0.249
0.225
0.1275
0.0675
0.024
0.009
0.0015
0.0
0.0
0.0
0.0
0.0
0.0
0.0
0.0
0.0
0.0015
0.0
0.0
0.0
0.0
0.0
0.0
0.003
0.006
0.012
0.0285
0.057
0.0975
0.381
0.3525
0.507
0.3525
0.4185
0.336
0.558
0.201
0.378
0.351
0.8415
0.798
1.797
2.1075
1.92
1.911
1.5165
0.5505
0.4875
0.336
0.5025
0.2445
0.174
0.1695
0.063
0.0225
0.0075
0.0015
0.0
0.0
0.0
0.0
0.0
0.0
0.0
0.0
0.0
0.0
0.0
0.0
0.0
0.003
0.006
0.018
0.039
0.0555
0.0585
0.0735
0.1425
0.1845
0.2295
0.2805
0.333
0.3675
0.4335
0.4665
0.513
0.6165
0.453
0.4185
0.5145
0.477
0.369
0.5625
0.7935
0.9
0.843
0.792
0.3465
0.348
0.3555
0.3495
0.1065
0.06
0.0285
0.0075
0.0015
0.0
0.0
0.0
0.0
0.0
0.0
0.0
0.0
0.0
0.0
0.0
0.0
0.0015
0.006
0.0195
0.042
0.066
0.0945
0.621
0.9855
1.23
1.4145
1.47
1.5825
0.8535
1.95
1.0425
0.3885
1.983
2.043
1.194
1.386
1.308
1.179
0.954
1.1205
1.4595
1.3785
1.4115
1.164
0.735
0.3405
0.5205
0.1275
0.075
0.039
0.0105
0.003
0.0
0.0
0.0
0.0
0.0
0.0
0.0
0.0
0.0
0.0
0.0
0.0
0.0
0.0
0.0045
0.0105
0.0465
0.1005
0.1695
0.225
0.318
0.3945
0.4275
0.6285
0.6795
0.7725
0.7815
0.837
0.8175
1.29
0.8355
1.0125
0.834
0.486
0.4455
0.4215
0.5115
0.4335
0.348
0.4215
0.279
0.159
0.087
0.063
0.0225
0.006
0.0015
0.0
0.0
0.0
0.0
0.0
0.0
0.0
0.0
0.0
0.0
0.0
0.0015
0.0
0.0
0.0
0.0
0.0
0.006
0.012
0.0165
0.0645
0.084
0.09
0.153
0.4095
0.2865
0.2505
0.2355
0.2175
0.1995
0.228
0.189
0.2535
0.282
0.246
0.1545
0.114
0.0705
0.078
0.0765
0.0255
0.027
0.012
0.0075
0.0015
0.0
0.0
0.0
0.0
0.0
0.0
0.0
0.0
0.0
0.0
0.003
0.0015
0.003
0.003
0.003
0.003
0.003
0.003
0.003
0.003
0.003
0.0045
0.006
0.012
0.0255
0.0375
0.051
0.081
0.1065
0.114
0.1365
0.1065
0.129
0.1455
0.1335
0.117
0.099
0.093
0.0525
0.0735
0.075
0.0525
0.021
0.021
0.006
0.0045
0.003
0.003
0.003
0.003
0.003
0.003
0.003
0.003
0.003
0.003
0.003
0.0015
0.0
0.0
0.0
0.0
0.0
0.0
0.0
0.0
0.0
0.0
0.0
0.0
0.0
0.003
0.0075
0.0135
0.0195
0.0255
0.03
0.033
0.0345
0.0375
0.039
0.039
0.039
0.039
0.0405
0.045
0.0405
0.0375
0.03
0.012
0.006
0.0015
0.0
0.0
0.0
0.0
0.0
0.0
0.0
0.0
0.0
0.0
0.0
0.0
0.0
0.0
0.0
0.0
0.0
0.0
0.0
0.0
0.0
0.0
0.0
0.0
0.0
0.0
0.0
0.0
0.0015
0.006
0.012
0.027
0.042
0.063
0.057
0.042
0.045
0.045
0.0435
0.0465
0.0645
0.0585
0.0405
0.0315
0.0135
0.006
0.003
0.0015
0.0
0.0015
0.0
0.0
0.0
0.0
0.0
0.0
0.0
0.0
0.0
0.0
0.0
0.0
0.003
0.0
0.0
0.0015
0.003
0.003
0.0015
0.0
0.0015
0.0
0.0
0.003
0.006
0.006
0.009
0.009
0.009
0.012
0.0165
0.03
0.0225
0.024
0.018
0.039
0.054
0.027
0.0615
0.087
0.0765
0.054
0.033
0.0105
0.0135
0.006
0.006
0.003
0.003
0.003
0.003
0.0015
0.003
0.0
0.003
0.003
0.003
0.003
0.003
0.0
0.0015
0.0015
0.003
0.0015
0.003
0.0015
0.003
0.003
0.0015
0.003
0.0015
0.0015
0.006
0.006
0.0135
0.0195
0.0135
0.0165
0.018
0.06
0.051
0.036
0.0675
0.069
0.0765
0.057
0.0675
0.0645
0.06
0.072
0.075
0.0345
0.0075
0.006
0.0045
0.0
0.0
0.0
0.0
0.0
0.0
0.0
0.0
0.0
0.0
0.0
0.0
0.0
0.0
0.0
0.0
0.0
0.0
0.0
0.0
0.0
0.0
0.0
0.0
0.0
0.0045
0.009
0.0375
0.045
0.042
0.063
0.063
0.072
0.0435
0.0615
0.078
0.123
0.141
0.129
0.12
0.099
0.051
0.0735
0.0465
0.0315
0.018
0.0105
0.0045
0.0
0.0
0.0
0.0
0.0015
0.0
0.0
0.0
0.0
0.0
0.0
0.0
0.0
0.0
0.0
0.0
0.0
0.0
0.0
0.0
0.0
0.0
0.0
0.0
0.0
0.006
0.006
0.0105
0.0135
0.0195
0.018
0.018
0.0195
0.0435
0.0825
0.0795
0.051
0.0285
0.0315
0.033
0.03
0.06
0.069
0.051
0.033
0.0255
0.0105
0.0045
0.0
0.0
0.0
0.0
0.0015
0.0
0.0
0.0
0.0
0.0
0.0
0.0
0.0
0.0
0.0
0.0
0.0
0.0
0.0
0.0
0.0
0.0
0.0
0.0
0.0
0.0045
0.0075
0.015
0.024
0.027
0.03
0.048
0.054
0.0795
0.09
0.0855
0.129
0.141
0.129
0.0765
0.0555
0.051
0.054
0.0405
0.048
0.027
0.0135
0.0045
0.0
0.0
0.0
0.0
0.0
0.0
0.0
0.0
0.0
0.0
0.0
0.0
0.0
0.0
0.0
0.0
0.0
0.0
0.0
0.0
0.0
0.0
0.0
0.0
0.0
0.006
0.009
0.027
0.0345
0.0495
0.054
0.0645
0.078
0.132
0.093
0.0735
0.105
0.096
0.12
0.1005
0.126
0.099
0.0705
0.0555
0.039
0.018
0.0075
0.0015
0.0
0.0
0.0
0.0
0.0
0.0
0.0
0.0
0.0
0.0
0.0
0.0
0.0
0.0
0.0
0.0
0.0
0.0
0.0
0.0
0.0
0.0
0.0
0.0
0.0
0.0045
0.009
0.015
0.021
0.021
0.021
0.018
0.0195
0.036
0.0345
0.0675
0.0525
0.0645
0.045
0.0405
0.063
0.0795
0.063
0.03
0.03
0.0165
0.0105
0.003
0.0
0.0
0.0
0.0
0.0
0.0
0.0
0.0
0.0
0.0
0.0
0.0
0.0
0.0
0.0
0.0
0.0
0.0
0.0
0.0
0.0
0.0
0.0
0.0
0.0
0.003
0.009
0.024
0.024
0.0495
0.0915
0.087
0.0945
0.0825
0.078
0.0855
0.081
0.1245
0.114
0.102
0.06
0.0075
0.0285
0.033
0.024
0.021
0.006
0.003
0.0
0.0
0.0
0.0
0.0
0.0
0.0
0.0
0.0
0.0
0.0
0.0
0.0
0.0
0.0
0.0
0.0
0.0
0.0
0.0
0.0
0.0
0.0
0.0
0.0
0.0015
0.0075
0.0135
0.0165
0.03
0.042
0.0285
0.036
0.045
0.081
0.0795
0.1035
0.1035
0.093
0.1065
0.078
0.078
0.0705
0.057
0.027
0.0165
0.0075
0.003
0.0
0.0
0.0
0.0
0.0
0.0
0.0
0.0
0.0
0.0
0.0
0.0
0.0
0.0
0.0
0.0
0.0
0.0
0.0
0.0
0.0
0.0
0.0
0.0
0.0
0.0015
0.006
0.0105
0.0225
0.051
0.0525
0.0285
0.0285
0.0405
0.0315
0.0555
0.0315
0.0645
0.0675
0.057
0.0645
0.0585
0.0825
0.069
0.0345
0.0195
0.006
0.0015
0.0
0.0
0.0
0.0
0.0
0.0
0.0
0.0
0.0
0.0
0.0
0.0
0.0
0.0
0.0
0.0
0.0
0.0
0.0
0.0
0.0
0.0
0.0
0.0
0.0
0.0015
0.006
0.0105
0.0285
0.0285
0.0555
0.0735
0.0585
0.108
0.093
0.0615
0.0945
0.1125
0.126
0.084
0.0345
0.069
0.0465
0.0345
0.03
0.0135
0.006
0.0015
0.0
0.0
0.0
0.0
0.0
0.0
0.0
0.0
0.0
0.0
0.0
0.0
0.0
0.0
0.0
0.0
0.0
0.0
0.0
0.0
0.0
0.0
0.0
0.0
0.0
0.003
0.0075
0.0135
0.0405
0.0345
0.03
0.03
0.036
0.0345
0.042
0.0585
0.0855
0.0615
0.0585
0.0795
0.0585
0.0405
0.0465
0.0285
0.0195
0.012
0.006
0.0
0.0
0.0
0.0
0.0
0.0
0.0
0.0
0.0
0.0
0.0
0.0
0.0
0.0
0.0
0.0
0.0
0.0
0.0
0.0
0.0
0.0
0.0
0.0
0.0
0.0
0.0015
0.003
0.0075
0.0255
0.0285
0.0345
0.0735
0.066
0.1095
0.0975
0.0735
0.096
0.12
0.114
0.1065
0.093
0.0855
0.0735
0.0495
0.042
0.0135
0.0075
0.0015
0.0
0.0
0.0
0.0
0.0
0.0
0.0
0.0
0.0
0.0
0.0
0.0
0.0
0.0
0.0
0.0
0.0
0.0
0.0
0.0
0.0
0.0
0.0
0.0
0.0
0.0
0.006
0.009
0.0165
0.0255
0.0465
0.078
0.0945
0.066
0.0825
0.0885
0.1095
0.093
0.0945
0.063
0.066
0.0555
0.0525
0.045
0.021
0.0075
0.006
0.0
0.0
0.0
0.0
0.0
0.0
0.0
0.0
0.0
0.0
0.0
0.0
0.0
0.0
0.0
0.0
0.0
0.0
0.0
0.0
0.0
0.0
0.0
0.0
0.0
0.0
0.0
0.003
0.0135
0.024
0.033
0.0345
0.063
0.0555
0.063
0.0765
0.1215
0.0765
0.0825
0.102
0.081
0.0885
0.06
0.051
0.0375
0.018
0.0075
0.0045
0.0
0.0
0.0
0.0
0.0
0.0
0.0
0.0
0.0
0.0015
0.0
0.0
0.0
0.0
0.0
0.0
0.0
0.0
0.0
0.0
0.0
0.0
0.0
0.0
0.0
0.0
0.0
0.006
0.006
0.021
0.039
0.0555
0.054
0.1215
0.1125
0.0735
0.0945
0.108
0.1185
0.0645
0.0585
0.09
0.036
0.0435
0.0375
0.0285
0.009
0.0045
0.0
0.0
0.0
0.0
0.0
0.0
0.0
0.0
0.0
0.0
0.0
0.0
0.0
0.0
0.0
0.0
0.0
0.0
0.0
0.0
0.0
0.0
0.0
0.0
0.0
0.0
0.0015
0.006
0.012
0.0195
0.0255
0.0285
0.0315
0.069
0.078
0.153
0.168
0.114
0.0915
0.0705
0.039
0.0255
0.0615
0.03
0.024
0.0165
0.0105
0.0045
0.0
0.0
0.0
0.0
0.0
0.0
0.0
0.0
0.0
0.0
0.0
0.0
0.0
0.0
0.0
0.0
0.0
0.0
0.0
0.0
0.0
0.0
0.0
0.0
0.0
0.0
0.0
0.006
0.0105
0.0195
0.0225
0.0255
0.0285
0.0315
0.033
0.036
0.036
0.0375
0.0375
0.057
0.093
0.081
0.045
0.0585
0.0375
0.018
0.012
0.0045
0.0
0.0
0.0
0.0
0.0
0.0
0.0
0.0
0.0
0.0
0.0
0.0
0.0
0.0
0.0
0.0
0.0
0.0
0.0
0.0
0.0
0.0
0.0
0.0
0.0
0.0
0.0015
0.006
0.006
0.012
0.0255
0.0405
0.03
0.0315
0.0345
0.0375
0.0555
0.084
0.114
0.0855
0.0795
0.06
0.0465
0.039
0.024
0.015
0.006
0.0045
0.0015
0.0
0.0
0.0015
0.0
0.0
0.0
0.0
0.0
0.0
0.0
0.0
0.0015
0.0
