0.0
0.0
0.0
0.0
0.0
0.0
0.0
0.0
0.0
0.0
0.0
0.0
0.0
0.0
0.0
0.003
0.012
0.0285
0.045
0.054
0.0615
0.066
0.069
0.0705
0.072
0.0705
0.0675
0.081
0.0765
0.0525
0.0345
0.018
0.0045
0.0
0.0
0.0
0.0
0.0
0.0
0.0
0.0
0.0
0.0
0.0
0.0
0.0
0.0
0.0
0.0
0.0
0.0
0.0
0.0
0.0
0.0
0.0
0.0
0.0
0.0
0.0
0.0
0.0
0.0
0.006
0.012
0.0135
0.03
0.108
0.1725
0.1245
0.1605
0.2445
0.2355
0.249
0.225
0.123
0.1545
0.1155
0.105
0.057
0.0345
0.009
0.0015
0.0
0.0
0.0
0.0
0.0
0.0
0.0
0.0
0.0
0.0
0.0
0.0
0.0
0.0
0.0
0.0
0.0
0.0
0.0
0.0
0.0
0.0
0.0
0.0
0.0
0.0015
0.0075
0.0285
0.0465
0.0525
0.0735
0.1365
0.249
0.2655
0.1665
0.105
0.243
0.279
0.294
0.303
0.24
0.213
0.189
0.1485
0.1035
0.066
0.0375
0.015
0.0045
0.0
0.0
0.0
0.0
0.0
0.0
0.0
0.0
0.0
0.0
0.0
0.0
0.0
0.0
0.0
0.0
0.0
0.0
0.0
0.0
0.0
0.0
0.0015
0.006
0.0135
0.033
0.0705
0.075
0.105
0.135
0.42
0.2805
0.3105
0.255
0.2505
0.2505
0.348
0.4305
0.3405
0.2625
0.3165
0.291
0.336
0.198
0.1365
0.096
0.0825
0.0585
0.024
0.0045
0.0
0.0
0.0
0.0
0.0
0.0
0.0
0.0
0.0
0.0
0.0
0.0
0.0
0.0
0.0
0.0
0.0
0.0
0.006
0.0225
0.0735
0.1245
0.1725
0.588
1.044
1.293
1.356
0.8505
1.869
1.9695
0.3
0.573
2.109
2.3295
2.286
2.0535
0.585
0.1935
0.207
0.183
0.165
0.1575
0.609
0.876
0.6495
0.33
0.2325
0.042
0.015
0.006
0.003
0.003
0.0045
0.0045
0.0045
0.006
0.006
0.006
0.0
0.0
0.0
0.0
0.0
0.0
0.003
0.009
0.0255
0.0585
0.096
0.2565
0.231
0.3255
0.405
0.555
0.5445
0.6285
0.7155
0.7665
0.918
0.8565
1.089
0.7605
0.594
0.594
0.513
0.891
1.1265
0.4845
0.2655
0.327
0.579
0.708
0.642
0.378
0.1275
0.093
0.0525
0.0165
0.0045
0.0
0.0
0.0
0.0
0.0
0.0
0.0
0.0
0.0
0.0
0.0
0.0
0.0
0.003
0.009
0.0375
0.0765
0.087
0.1155
0.7215
0.8715
0.96
0.8715
1.0215
0.9615
0.7245
1.9125
0.9615
0.5415
1.4925
1.551
1.164
0.9795
0.8625
0.579
0.5535
0.8865
1.0425
0.9885
0.879
0.4005
0.306
0.354
0.2865
0.1725
0.102
0.045
0.009
0.0045
0.0
0.0
0.0
0.0
0.0
0.0
0.0
0.0
0.0
0.0
0.0
0.0015
0.0
0.0015
0.006
0.021
0.039
0.0555
0.414
0.828
1.053
1.2765
1.473
0.8385
1.5885
1.9905
1.146
0.333
2.1705
2.238
2.2485
2.2065
2.109
2.013
1.875
1.701
1.5285
1.32
0.951
0.9255
0.534
0.105
0.2805
0.15
0.033
0.0105
0.0045
0.0
0.0
0.0
0.0
0.0
0.0
0.0
0.0
0.0015
0.0015
0.0
0.0
0.0
0.0
0.0
0.0
0.003
0.0075
0.0255
0.054
0.099
0.195
0.276
0.3135
0.2685
0.2565
0.273
0.2055
0.369
0.3345
0.189
0.183
0.198
0.249
0.3075
0.267
0.2175
0.207
0.156
0.1515
0.093
0.0615
0.039
0.0165
0.006
0.0045
0.0015
0.0015
0.0015
0.0
0.0
0.0
0.0
0.0
0.0
0.0
0.0
0.0
0.0
0.0
0.0
0.0
0.0
0.0
0.0
0.0
0.0045
0.0135
0.036
0.0585
0.078
0.114
0.108
0.1125
0.114
0.093
0.1185
0.1035
0.1845
0.1545
0.177
0.1605
0.1605
0.099
0.117
0.078
0.063
0.036
0.0105
0.0075
0.003
0.0
0.0
0.0
0.0
0.0
0.0
0.0
0.0
0.0
0.0
0.0
0.0
0.0
0.0
0.0
0.0
0.0
0.0
0.0
0.0
0.0
0.0
0.0
0.0
0.0
0.0045
0.015
0.021
0.0345
0.057
0.0705
0.099
0.114
0.1125
0.1215
0.09
0.0765
0.0975
0.057
0.0495
0.054
0.063
0.027
0.015
0.0075
0.003
0.0015
0.0
0.0
0.0
0.0
0.0
0.0
0.0
0.0
0.0
0.0
0.0
0.0
0.0
0.0
0.0
0.0
0.0
0.0
0.0
0.0
0.0
0.0
0.0
0.0
0.0
0.0
0.0
0.0015
0.006
0.0075
0.018
0.039
0.0465
0.057
0.075
0.0915
0.0915
0.0915
0.072
0.0675
0.0405
0.0615
0.027
0.015
0.0075
0.0045
0.0
0.0
0.0
0.0
0.0
0.0
0.0015
0.0
0.0
0.0
0.0
0.0
0.0
0.0
0.0
0.0
0.0
0.0
0.0
0.0
0.0
0.0
0.0
0.0
0.0
0.0
0.0
0.0
0.0
0.0
0.0045
0.0105
0.0285
0.063
0.087
0.1065
0.1665
0.1845
0.21
0.174
0.201
0.165
0.189
0.1005
0.0495
0.0255
0.0075
0.0045
0.0
0.0
0.0
0.0
0.0
0.0
0.0
0.0
0.0
0.0
0.0
0.0
0.0
0.0
0.0
0.0
0.0
0.0
0.0
0.0
0.0
0.0
0.0
0.0
0.0
0.0
0.0
0.0
0.0
0.0
0.003
0.006
0.027
0.0375
0.0705
0.093
0.102
0.09
0.093
0.108
0.093
0.123
0.054
0.0285
0.021
0.015
0.009
0.006
0.0
0.0
0.0
0.0
0.0
0.0
0.0
0.0
0.0
0.0
0.0
0.0
0.0
0.0
0.0
0.0
0.0
0.0
0.0
0.0
0.0
0.0
0.0
0.0
0.0
0.0
0.0
0.0
0.0
0.0
0.006
0.018
0.0375
0.0765
0.096
0.165
0.123
0.159
0.1815
0.1725
0.1785
0.2205
0.1545
0.09
0.0495
0.0345
0.021
0.0075
0.0
0.0
0.0
0.0
0.0
0.0
0.0
0.0
0.0
0.0
0.0
0.0
0.0
0.0
0.0
0.0
0.0
0.0
0.0
0.0
0.0
0.0
0.0
0.0
0.0
0.0
0.0
0.0
0.0
0.0
0.0045
0.015
0.0345
0.0525
0.096
0.1245
0.1485
0.1575
0.153
0.1935
0.198
0.1305
0.0915
0.0825
0.072
0.0675
0.03
0.0135
0.0015
0.0
0.0
0.0
0.0
0.0
0.0
0.0
0.0
0.0
0.0
0.0
0.0
0.0
0.0
0.0
0.0
0.0
0.0
0.0
0.0
0.0
0.0
0.0
0.0
0.0
0.0
0.0
0.0
0.0
0.006
0.0165
0.0315
0.045
0.054
0.0615
0.0765
0.1065
0.0675
0.0825
0.0765
0.084
0.0795
0.0975
0.072
0.0315
0.0225
0.0075
0.0015
0.0
0.0
0.0
0.0
0.0
0.0
0.0
0.0
0.0
0.0
0.0
0.0
0.0
0.0
0.0
0.0
0.0
0.0
0.0
0.0
0.0
0.0
0.0
0.0
0.0
0.0
0.0
0.0
0.0
0.0015
0.006
0.0165
0.03
0.0405
0.072
0.0735
0.1095
0.096
0.108
0.075
0.072
0.06
0.036
0.0315
0.0225
0.012
0.006
0.0
0.0
0.0
0.0
0.0
0.0
0.0
0.0
0.0
0.0
0.0
0.0
0.0
0.0
0.0
0.0
0.0
0.0
0.0
0.0
0.0
0.0
0.0
0.0
0.0
0.0
0.0
0.0
0.0
0.0
0.0
0.0045
0.006
0.0075
0.0105
0.015
0.0195
0.021
0.033
0.0405
0.0465
0.051
0.063
0.0315
0.021
0.018
0.006
0.006
0.0
0.0
0.0
0.0
0.0
0.0
0.0
0.0
0.0
0.0
0.0
0.0
0.0
0.0
0.0
0.0
0.0
0.0
0.0
0.0
0.0
0.0
0.0
0.0
0.0
0.0
0.0
0.0
0.0
0.0
0.0
0.0075
0.0225
0.027
0.0315
0.039
0.036
0.039
0.0405
0.0435
0.039
0.033
0.0315
0.03
0.0255
0.027
0.021
0.0075
0.0015
0.0
0.0
0.0
0.0
0.0
0.0
0.0
0.0
0.0
0.0
0.0
0.0
0.0
0.0
0.0
0.0
0.0
0.0
0.0
0.0
0.0
0.0
0.0
0.0
0.0
0.0
0.0
0.0
0.0
0.0015
0.006
0.0105
0.015
0.021
0.036
0.0765
0.0765
0.0585
0.0645
0.06
0.096
0.0585
0.048
0.0375
0.033
0.0195
0.0075
0.003
0.0
0.0
0.0
0.0
0.0
0.0
0.0
0.0
0.0
0.0
0.0
0.0
0.0
0.0
0.0
0.0
0.0
0.0
0.0
0.0
0.0
0.0
0.0
0.0
0.0
0.0
0.0
0.0
0.0
0.0045
0.009
0.015
0.0345
0.087
0.06
0.105
0.165
0.1245
0.1815
0.1755
0.21
0.1545
0.1455
0.1065
0.066
0.03
0.009
0.003
0.0
0.0
0.0
0.0
0.0
0.0
0.0
0.0
0.0
0.0
0.0
0.0
0.0
0.0
0.0
0.0
0.0
0.0
0.0
0.0
0.0
0.0
0.0
0.0
0.0
0.0
0.0
0.0
0.0
0.006
0.021
0.042
0.0615
0.081
0.0405
0.048
0.084
0.093
0.207
0.111
0.099
0.111
0.0945
0.096
0.0435
0.0225
0.012
0.003
0.0
0.0
0.0
0.0
0.0
0.0
0.0
0.0
0.0
0.0
0.0
0.0
0.0
0.0
0.0
0.0
0.0
0.0
0.0
0.0
0.0
0.0
0.0
0.0
0.0
0.0
0.0
0.0
0.0
0.0045
0.0075
0.0105
0.024
0.042
0.0495
0.06
0.066
0.087
0.1125
0.123
0.1125
0.099
0.0645
0.0705
0.06
0.027
0.0075
0.003
0.0
0.0
0.0
0.0
0.0
0.0
0.0
0.0
0.0
0.0
0.0
0.0
0.0
0.0
0.0
0.0
0.0
0.0
0.0
0.0
0.0
0.0
0.0
0.0
0.0
0.0
0.0
0.0
0.0015
0.006
0.0195
0.0345
0.0465
0.0645
0.081
0.084
0.0645
0.066
0.096
0.1365
0.087
0.081
0.126
0.114
0.072
0.027
0.0105
0.003
0.0
0.0
0.0
0.0
0.0
0.0
0.0
0.0
0.0
0.0
0.0
0.0
0.0
0.0
0.0
0.0
0.0
0.0
0.0
0.0
0.0
0.0
0.0
0.0
0.0
0.0
0.0
0.0
0.0
0.0075
0.021
0.042
0.066
0.0975
0.0915
0.0915
0.09
0.078
0.078
0.0855
0.1485
0.1485
0.129
0.114
0.0645
0.0615
0.0195
0.0045
0.0
0.0
0.0
0.0
0.0
0.0
0.0
0.0
0.0
0.0
0.0
0.0
0.0
0.0
0.0
0.0
0.0
0.0
0.0
0.0
0.0
0.0
0.0
0.0
0.0
0.0
0.0
0.0
0.0
0.0045
0.024
0.036
0.078
0.078
0.0855
0.0945
0.0915
0.0945
0.09
0.093
0.105
0.144
0.126
0.0915
0.105
0.0585
0.03
0.0075
0.0015
0.0
0.0
0.0
0.0
0.0
0.0
0.0
0.0
0.0
0.0
0.0
0.0
0.0
0.0
0.0
0.0
0.0
0.0
0.0
0.0
0.0
0.0
0.0
0.0
0.0
0.0
0.0
0.003
0.0105
0.0315
0.051
0.102
0.18
0.2235
0.2295
0.258
0.258
0.162
0.153
0.1215
0.0795
0.066
0.0495
0.057
0.0255
0.009
0.0045
0.0
0.0
0.0
0.0
0.0
0.0
0.0
0.0
0.0
0.0
0.0
0.0
0.0
0.0
0.0
0.0
0.0
0.0
0.0
0.0
0.0
0.0
0.0
0.0
0.0
0.0
0.0
0.0
0.0
0.0045
0.012
0.0285
0.0735
0.0855
0.093
0.1155
0.117
0.1245
0.1215
0.0975
0.09
0.093
0.072
0.039
0.0285
0.0165
0.009
0.0045
0.0
0.0
0.0
0.0
0.0
0.0
0.0
0.0
0.0
0.0
0.0
0.0
0.0
0.0
0.0
0.0
0.0
0.0
0.0
0.0
0.0
0.0
0.0
0.0
0.0
0.0
0.0
0.0
0.003
0.0075
0.03
0.1125
0.12
0.213
0.2085
0.081
0.1035
0.111
0.1215
0.2145
0.192
0.117
0.096
0.0915
0.0825
0.06
0.03
0.009
0.0015
0.0
0.0
0.0
0.0
0.0
0.0
0.0015
0.0
0.0
0.0
0.0
0.0
0.0
0.0
0.0
0.0
0.0
0.0
0.0
0.0
0.0
0.0
0.0
0.0
0.0
0.0
0.0
0.003
0.009
0.033
0.054
0.0975
0.1185
0.1545
0.108
0.1065
0.138
0.171
0.1245
0.1005
0.108
0.15
0.1455
0.099
0.069
0.0285
0.009
0.0015
0.0
0.0
0.0
0.0
0.0
0.0
0.0
0.0
0.0
0.0
0.0
0.0
0.0
