0.0
0.0
0.0
0.0
0.0
0.0
0.0
0.0
0.0
0.0
0.0
0.0
0.0
0.0
0.0
0.003
0.0075
0.0195
0.039
0.042
0.057
0.0495
0.066
0.084
0.138
0.135
0.0945
0.0825
0.066
0.0405
0.033
0.018
0.006
0.0
0.0
0.0
0.0
0.0
0.0
0.0
0.0
0.0
0.0
0.0
0.0
0.0
0.0
0.0
0.0
0.0
0.0
0.0
0.0
0.0
0.0
0.0
0.0
0.0
0.0
0.0
0.0
0.0
0.006
0.0195
0.039
0.054
0.057
0.0795
0.162
0.225
0.27
0.249
0.1995
0.195
0.192
0.2055
0.183
0.1365
0.1155
0.0525
0.0345
0.0105
0.0045
0.0
0.0
0.0
0.0
0.0
0.0
0.0
0.0
0.0
0.0
0.0
0.0
0.0
0.0
0.0
0.0
0.0
0.0
0.0
0.0
0.0
0.0
0.0
0.0
0.0
0.003
0.009
0.0315
0.06
0.0885
0.1005
0.1155
0.156
0.1725
0.2685
0.336
0.2295
0.2535
0.2715
0.276
0.2595
0.183
0.1245
0.0765
0.084
0.087
0.0255
0.012
0.0075
0.0015
0.0
0.0
0.0
0.0
0.0
0.0
0.0
0.0
0.0
0.0
0.0
0.0
0.0
0.0
0.0
0.0
0.0
0.0
0.0
0.0
0.0
0.009
0.036
0.078
0.288
0.4515
0.705
0.51
1.029
0.7755
0.6975
0.507
0.6045
0.4905
0.3945
0.3135
0.33
0.417
0.3945
0.4005
0.4425
0.489
0.4215
0.2895
0.258
0.1815
0.0975
0.039
0.0075
0.0015
0.0
0.0
0.0
0.0
0.0
0.0
0.0
0.0
0.0
0.0
0.0
0.0
0.0
0.0
0.0
0.0
0.0015
0.0075
0.0195
0.048
0.195
0.5295
0.594
0.5715
1.0545
1.1625
0.7995
1.116
1.617
0.5355
0.7245
0.8835
0.846
0.9555
0.6315
1.2075
0.612
0.7545
0.8655
0.57
1.002
0.8895
0.6855
0.417
0.2895
0.201
0.06
0.0165
0.006
0.0
0.0
0.0
0.0
0.0
0.0
0.0
0.0
0.0
0.0
0.0
0.0
0.0
0.0
0.0045
0.012
0.027
0.0645
0.0765
0.156
0.201
0.24
0.3405
0.3735
1.218
1.341
1.0635
1.95
0.855
0.594
0.8595
0.8115
0.8025
0.8925
0.8805
0.5925
0.516
0.396
0.834
0.7305
0.432
0.282
0.2415
0.3495
0.2205
0.1305
0.0795
0.0375
0.009
0.003
0.0
0.0
0.0
0.0
0.0
0.0
0.0
0.0
0.0
0.0
0.0
0.0
0.0015
0.0075
0.0225
0.0495
0.075
0.1035
0.6045
0.948
1.1745
1.3695
1.5015
1.533
0.8385
2.0595
1.089
0.4275
1.764
2.3115
2.52
2.289
2.22
2.0205
1.8975
1.7415
1.617
1.443
1.2795
1.083
0.849
0.4665
0.4455
0.111
0.0765
0.039
0.0105
0.003
0.0
0.0
0.0
0.0
0.0
0.0
0.0
0.0
0.0
0.0
0.0
0.0
0.0
0.0
0.0045
0.0165
0.0405
0.0705
0.159
0.2535
0.3
0.498
0.561
0.5745
1.059
0.9285
0.7395
0.765
1.356
1.392
1.134
1.443
0.798
0.837
0.6555
0.756
0.597
0.5505
0.6015
0.7035
0.441
0.285
0.174
0.0855
0.0375
0.0075
0.0015
0.0
0.0
0.0
0.0
0.0
0.0
0.0
0.0
0.0
0.0
0.0
0.0
0.0
0.0
0.0
0.0
0.0
0.006
0.0105
0.027
0.1515
0.228
0.1605
0.099
0.15
0.111
0.2325
0.213
0.1755
0.2085
0.2655
0.192
0.1515
0.12
0.165
0.102
0.102
0.144
0.099
0.0735
0.0615
0.0465
0.0285
0.009
0.0045
0.0
0.0
0.0
0.0
0.0
0.0
0.0
0.0
0.0
0.0
0.0
0.0
0.0
0.0
0.0
0.0
0.0
0.0
0.0
0.0
0.0015
0.003
0.009
0.024
0.0345
0.051
0.0495
0.084
0.126
0.114
0.0705
0.051
0.045
0.06
0.1005
0.1305
0.1275
0.144
0.138
0.0795
0.078
0.0765
0.039
0.0135
0.006
0.003
0.0
0.0
0.0
0.0
0.0
0.0
0.0
0.0
0.0
0.0
0.0
0.0
0.0
0.0
0.0
0.0
0.0
0.0
0.0
0.0
0.0
0.0
0.0
0.0
0.0
0.0045
0.0075
0.0195
0.051
0.0675
0.0435
0.093
0.135
0.1545
0.147
0.138
0.1365
0.138
0.1245
0.0855
0.072
0.069
0.0435
0.0225
0.0075
0.003
0.0
0.0
0.0
0.0
0.0
0.0
0.0
0.0015
0.0
0.0
0.0
0.0
0.0
0.0
0.0
0.0
0.0
0.0
0.0
0.0015
0.0
0.0
0.0
0.0
0.0
0.0
0.0
0.0
0.0015
0.006
0.015
0.0315
0.042
0.048
0.0585
0.0615
0.096
0.1005
0.102
0.093
0.075
0.0705
0.036
0.0285
0.0165
0.009
0.0045
0.0
0.0
0.0
0.0
0.0
0.0
0.0
0.0
0.0
0.0
0.0
0.0
0.0
0.0
0.0
0.0
0.0
0.0
0.0
0.0
0.0
0.0
0.006
0.0225
0.063
0.1125
0.165
0.3225
0.5655
0.7665
0.972
1.2285
1.2705
0.954
1.815
1.095
0.426
1.575
1.512
1.815
1.7865
1.6635
1.866
1.701
1.2735
1.1715
1.3155
1.134
0.8805
0.768
0.429
0.393
0.105
0.0555
0.0195
0.0075
0.0015
0.0
0.0
0.0
0.0
0.0
0.0
0.0
0.0
0.0
0.0
0.0
0.0
0.0
0.0045
0.0165
0.057
0.1035
0.153
0.2625
0.363
0.4635
0.6675
1.113
1.176
0.99
1.7685
1.2135
0.6045
1.812
2.2965
2.217
2.001
1.8315
1.962
1.8165
1.6455
1.509
0.993
1.1505
0.8985
0.6045
0.3105
0.186
0.117
0.0585
0.021
0.006
0.0015
0.0
0.0
0.0
0.0
0.0
0.0
0.0
0.0
0.0
0.0
0.0
0.0
0.0
0.006
0.021
0.045
0.069
0.0915
0.5865
0.9765
1.1715
1.419
1.6125
1.599
1.1085
1.9695
1.1475
0.3345
2.2815
2.097
2.1315
1.932
1.6605
1.5435
1.3875
1.752
1.7475
1.398
1.209
1.077
0.753
0.375
0.3195
0.1455
0.0825
0.03
0.0075
0.0015
0.0
0.0
0.0
0.0
0.0
0.0
0.0
0.0
0.0
0.0
0.0
0.0
0.0
0.006
0.0165
0.06
0.1245
0.1875
0.306
0.441
0.678
0.7275
0.732
0.9375
0.8955
1.434
1.0815
0.4995
1.755
1.869
1.824
1.5045
1.4115
1.3635
1.3245
1.0815
0.867
0.747
0.549
0.5235
0.2835
0.2115
0.1965
0.1305
0.06
0.024
0.009
0.0015
0.0
0.0
0.0
0.0
0.0
0.0
0.0
0.0
0.0
0.0
0.0
0.0
0.0
0.0045
0.012
0.027
0.063
0.117
0.396
0.7485
0.9855
1.089
1.263
1.287
1.05
1.8795
1.2015
0.3735
2.0385
2.1585
2.184
2.1975
2.094
1.9995
1.8435
1.6785
1.4925
1.3275
1.101
0.894
0.6615
0.2625
0.3165
0.132
0.0645
0.018
0.006
0.0015
0.0
0.0
0.0
0.0
0.0
0.0
0.0
0.0
0.0
0.0
0.0
0.0
0.0
0.006
0.0165
0.045
0.078
0.111
0.4185
0.7755
1.002
1.2375
1.4865
1.398
1.062
1.959
1.2765
0.3165
2.181
2.286
2.295
2.274
2.2005
2.115
1.989
1.641
1.674
1.476
1.2645
1.0575
0.849
0.453
0.4245
0.12
0.0495
0.024
0.0075
0.0015
0.0
0.0
0.0
0.0
0.0
0.0
0.0
0.0
0.0
0.0
0.0
0.0
0.0
0.0045
0.0165
0.0345
0.0525
0.0705
0.4035
0.9345
1.1565
1.3875
1.5825
1.467
1.0875
2.07
1.371
0.219
2.2485
2.379
2.379
2.352
2.3055
2.2035
2.0715
1.914
1.7505
1.557
1.35
1.1355
0.9105
0.4725
0.4635
0.114
0.039
0.021
0.0075
0.0015
0.0
0.0
0.0
0.0
0.0
0.0
0.0
0.0
0.0
0.0
0.0
0.0
0.0
0.0045
0.012
0.033
0.081
0.1635
0.315
0.3765
0.2625
0.4125
0.366
0.3615
0.4335
0.297
0.285
0.351
0.513
0.5025
0.7965
0.801
0.885
1.275
0.861
0.879
0.75
0.534
0.543
0.54
0.1905
0.1635
0.09
0.054
0.027
0.015
0.006
0.0
0.0
0.0
0.0
0.0
0.0
0.0
0.0
0.0
0.0
0.0
0.0
0.0
0.0
0.0045
0.009
0.0195
0.024
0.045
0.0675
0.12
0.1275
0.2175
0.249
0.324
0.3855
0.4785
0.6585
0.6735
1.605
2.451
1.8975
1.572
2.193
2.073
1.9065
1.77
1.5885
1.3695
1.125
0.915
0.7065
0.3945
0.3255
0.12
0.0585
0.0225
0.006
0.0
0.0
0.0
0.0
0.0
0.0
0.0
0.0
0.0
0.0
0.0
0.0
0.0
0.0
0.0045
0.012
0.045
0.1185
0.267
0.5055
0.7575
0.7035
0.7425
0.9885
0.906
0.969
1.518
1.2225
0.441
1.8705
1.632
1.818
1.9485
1.956
1.9665
1.8045
1.512
1.3995
1.1445
1.092
0.84
0.6945
0.342
0.294
0.177
0.072
0.0165
0.006
0.0
0.0
0.0
0.0
0.0
0.0
0.0
0.0
0.0
0.0
0.0
0.0
0.0
0.0
0.0
0.0045
0.006
0.0135
0.0195
0.039
0.12
0.354
0.1755
0.333
0.606
0.7215
1.3605
1.1955
0.7425
0.5565
0.7035
1.3395
1.2675
0.7035
0.852
1.4025
1.071
0.7545
0.6075
0.381
0.2745
0.1485
0.1035
0.0945
0.126
0.0885
0.0255
0.0045
0.0
0.0
0.0
0.0
0.0
0.0
0.0
0.0
0.0
0.0
0.0
0.0
0.0
0.0
0.003
0.0105
0.0705
0.1605
0.114
0.402
0.594
0.582
0.666
0.7395
0.8205
0.6285
0.957
0.873
0.7185
1.725
2.205
2.352
2.3265
2.2035
2.0715
1.6305
1.6245
0.7695
0.7545
1.1655
0.8235
0.7845
0.3945
0.366
0.123
0.048
0.015
0.006
0.0
0.0
0.0
0.0
0.0
0.0
0.0
0.0
0.0
0.0
0.0
0.0
0.0
0.0
0.0
0.0045
0.0075
0.0345
0.087
0.24
0.5775
0.708
0.51
0.6585
0.5385
0.4905
1.4025
0.6555
0.597
0.9855
1.5165
0.906
1.2945
1.635
1.0065
1.254
1.527
1.3965
1.5495
1.335
1.1085
0.819
0.243
0.2445
0.1275
0.0345
0.012
0.006
0.0
0.0
0.0
0.0
0.0
0.0
0.0
0.0
0.0
0.0
0.0
0.0
0.0
0.0
0.003
0.012
0.03
0.0765
0.1215
0.1785
0.2865
0.45
0.567
0.798
0.7515
0.615
1.113
0.7965
0.5745
1.5195
0.987
2.478
1.1355
1.935
1.6365
0.666
1.113
0.7515
1.398
0.9825
0.297
0.3255
0.2655
0.108
0.0705
0.03
0.015
0.006
0.0
0.0
0.0
0.0015
0.0
0.0
0.0
0.0
0.0
0.0
0.0
0.0
0.0
0.0
0.003
0.0075
0.0285
0.09
0.1545
0.213
0.2205
0.3435
0.4845
0.8205
0.996
0.9585
1.0185
1.107
0.5535
1.9935
2.223
1.89
1.8465
1.587
1.1265
0.6765
0.813
0.4095
0.381
0.393
0.297
0.1785
0.111
0.0255
0.0075
0.006
0.006
0.003
0.0
0.0
0.0
0.0
0.0
0.0
0.0
0.0
0.0
0.0
0.0
0.0
0.0
0.0
0.0015
0.006
0.0195
0.075
0.117
0.3915
0.732
0.9585
1.236
1.2825
0.6555
0.798
1.2795
1.4175
0.42
1.5
2.0175
0.9705
1.2915
1.9545
1.602
1.7505
1.02
0.3285
0.8475
1.191
0.816
0.828
0.39
0.3795
0.084
0.027
0.0105
0.0045
0.0
0.0
0.0
0.0
0.0
0.0
0.0
0.0
0.0
0.0
0.0
0.0
0.0
0.0
0.0015
0.0075
0.0165
0.048
0.1335
0.3045
0.366
0.3585
0.4605
0.645
0.633
1.2405
0.8355
0.84
0.663
1.857
1.9215
1.4355
0.957
1.9485
1.1865
1.0365
1.155
1.0875
1.368
1.212
0.9315
0.7305
0.162
0.057
0.0285
0.042
0.0225
0.0045
0.0
0.0
0.0
0.0
0.0
0.0
0.0
0.0
0.0
0.0
0.0
0.0
0.0
0.0
0.0015
0.0075
0.0285
0.0525
0.099
0.225
0.1605
0.1275
0.1215
0.108
0.0945
0.102
0.165
0.24
0.2295
0.2955
0.2145
0.3045
0.255
0.3225
0.3285
0.2745
0.459
0.879
0.375
0.786
0.258
0.231
0.3525
0.288
0.1155
0.033
0.012
0.0045
0.0
0.0
0.0
0.0
0.0
0.0
0.0
0.0
0.0
0.0
0.0
0.0
0.0
0.0
0.0015
0.0075
0.0195
0.069
0.1425
0.225
0.2955
0.285
0.249
0.255
0.2205
0.264
0.417
0.5115
0.7665
0.7995
0.492
0.4605
0.8565
0.786
1.293
0.948
0.6495
0.5055
0.2985
0.4245
0.381
0.279
0.1725
0.102
0.0615
0.021
0.006
0.0015
0.0
0.0
0.0
0.0
0.0
0.0
0.0
