0.0
0.0
0.0
0.0
0.0
0.0
0.0
0.0
0.0
0.0
0.0
0.0
0.0
0.0
0.0
0.003
0.006
0.0165
0.0225
0.039
0.0945
0.1095
0.1185
0.162
0.078
0.117
0.099
0.072
0.0675
0.0585
0.0345
0.0225
0.0075
0.0015
0.0
0.0
0.0
0.0
0.0
0.0
0.0
0.0
0.0
0.0
0.0
0.0
0.0
0.0
0.0
0.0
0.0
0.0
0.0
0.0
0.0
0.0
0.0
0.0
0.0
0.0
0.0
0.0
0.0075
0.0435
0.1125
0.126
0.165
0.1905
0.213
0.2115
0.171
0.105
0.1395
0.171
0.111
0.0765
0.1215
0.036
0.0285
0.033
0.021
0.012
0.0045
0.0
0.0
0.0
0.0
0.0
0.0
0.0
0.0
0.0
0.0
0.0
0.0
0.0
0.0
0.0
0.0
0.0
0.0
0.0
0.0
0.0
0.0
0.0
0.0
0.0
0.0015
0.0075
0.015
0.021
0.0525
0.057
0.075
0.1185
0.1485
0.231
0.189
0.171
0.2805
0.2895
0.2505
0.135
0.18
0.126
0.084
0.0585
0.051
0.027
0.018
0.006
0.0015
0.0
0.0
0.0
0.0
0.0
0.0
0.0
0.0
0.0
0.0
0.0
0.0
0.0
0.0
0.0
0.0
0.0
0.0
0.0
0.0
0.0
0.006
0.021
0.06
0.1305
0.183
0.2235
0.1395
0.1425
0.1875
0.354
0.543
0.552
0.468
0.5415
0.576
0.642
0.393
0.222
0.207
0.1725
0.228
0.2295
0.195
0.156
0.057
0.0285
0.012
0.006
0.0
0.0
0.0
0.0
0.0
0.0
0.0
0.0
0.0
0.0
0.0
0.0
0.0
0.0
0.0
0.0
0.0
0.003
0.0105
0.0315
0.066
0.2355
0.6435
0.903
0.9675
0.8655
0.909
0.288
0.3525
1.0965
0.5475
0.7515
1.1145
0.48
0.927
1.512
1.0275
1.2855
1.1955
1.296
0.918
0.8025
0.3525
0.2205
0.231
0.156
0.045
0.0255
0.015
0.0045
0.0
0.0
0.0
0.0
0.0
0.0
0.0
0.0
0.0
0.0
0.0
0.0
0.0
0.0
0.003
0.0075
0.0165
0.0375
0.06
0.1005
0.1185
0.153
0.1785
0.2055
0.21
0.3015
0.426
0.39
0.3435
0.468
0.435
0.4995
0.459
0.5205
0.534
0.3975
0.558
0.4455
0.4185
0.3045
0.246
0.2265
0.2205
0.1425
0.1035
0.0585
0.0405
0.021
0.0075
0.003
0.0
0.0
0.0
0.0
0.0
0.0
0.0
0.0
0.0
0.0
0.0
0.0
0.0015
0.0075
0.0225
0.0435
0.063
0.0885
0.588
0.9645
1.1835
1.3935
1.587
1.5885
0.825
2.076
1.062
0.3
2.256
2.361
2.361
2.3355
2.2695
2.1495
2.0265
1.845
1.641
1.458
1.245
1.023
0.7995
0.435
0.3945
0.1215
0.0765
0.039
0.0105
0.0045
0.0
0.0
0.0
0.0015
0.0
0.0
0.0
0.0
0.0
0.0
0.0
0.0
0.0
0.0
0.0045
0.024
0.0645
0.012
0.0495
0.093
0.123
0.213
0.2715
0.4395
0.4965
0.597
0.267
0.4515
0.7005
0.5595
1.854
0.555
1.4565
0.558
0.3825
0.354
0.4005
0.3585
0.384
0.5805
0.531
0.3555
0.213
0.06
0.024
0.0075
0.0
0.0
0.0
0.0
0.0
0.0
0.0
0.0
0.0
0.0
0.0
0.0
0.0
0.0
0.0
0.0
0.0
0.0
0.0045
0.0075
0.015
0.0345
0.066
0.0915
0.0825
0.072
0.063
0.0915
0.12
0.105
0.087
0.0705
0.0615
0.063
0.1395
0.1095
0.1005
0.1065
0.132
0.114
0.0795
0.063
0.0465
0.0285
0.0075
0.0045
0.0
0.0
0.0
0.0
0.0
0.0
0.0
0.0
0.0
0.0
0.0
0.0
0.0
0.0
0.0
0.0
0.0
0.0
0.0
0.0
0.0
0.0015
0.006
0.0165
0.036
0.048
0.0525
0.063
0.123
0.1005
0.126
0.1155
0.111
0.1455
0.1065
0.1455
0.1335
0.1095
0.0945
0.0705
0.0735
0.0495
0.0315
0.021
0.0045
0.0
0.0015
0.003
0.0045
0.0045
0.0045
0.003
0.003
0.003
0.003
0.003
0.003
0.003
0.0
0.0
0.0
0.0
0.0
0.0
0.0
0.0
0.0
0.0
0.0
0.0
0.0
0.003
0.0075
0.021
0.036
0.057
0.0855
0.0705
0.048
0.0435
0.0375
0.0375
0.0555
0.0585
0.0675
0.0915
0.0705
0.0615
0.021
0.0075
0.006
0.0015
0.0
0.0
0.0
0.0
0.0
0.0
0.0
0.0
0.0
0.0015
0.0
0.0
0.0
0.0
0.0
0.0
0.0
0.0
0.0
0.0
0.0
0.0
0.0
0.0
0.0
0.0
0.0
0.0
0.0015
0.006
0.015
0.0315
0.0495
0.0705
0.084
0.0885
0.084
0.0825
0.0825
0.0765
0.078
0.0795
0.066
0.042
0.024
0.0105
0.0045
0.0
0.0
0.0
0.0
0.0
0.0
0.0
0.0
0.0
0.0
0.0
0.0
0.0
0.0
0.0
0.0
0.0
0.0
0.0
0.0
0.0
0.0
0.0
0.0
0.0
0.0045
0.009
0.033
0.0405
0.039
0.03
0.0465
0.078
0.0615
0.0735
0.1125
0.087
0.0825
0.0705
0.072
0.123
0.153
0.1035
0.06
0.093
0.0465
0.033
0.045
0.0225
0.012
0.006
0.0045
0.0
0.0
0.0
0.0
0.0
0.0015
0.0015
0.0
0.0
0.0
0.0
0.0
0.0
0.0
0.0
0.0
0.0
0.0
0.0
0.0
0.0
0.003
0.006
0.0135
0.0375
0.0195
0.036
0.0405
0.0615
0.0885
0.117
0.186
0.0855
0.0825
0.0885
0.078
0.081
0.117
0.108
0.0975
0.159
0.1245
0.075
0.0285
0.0465
0.024
0.012
0.006
0.0015
0.0015
0.0
0.0
0.0
0.0
0.0
0.0
0.0
0.0
0.0
0.0
0.0
0.0
0.0
0.0
0.0
0.0
0.0
0.0
0.0
0.0045
0.0075
0.0195
0.0405
0.1095
0.1995
0.1755
0.3645
0.381
0.1455
0.24
0.2025
0.138
0.108
0.069
0.0975
0.0975
0.0675
0.069
0.09
0.0555
0.0315
0.0135
0.012
0.009
0.006
0.006
0.0015
0.0
0.0
0.0
0.0
0.0
0.0
0.0015
0.0
0.0
0.0
0.0
0.0
0.0
0.0
0.0
0.0
0.0
0.0
0.0
0.0
0.0045
0.009
0.0195
0.03
0.0795
0.189
0.207
0.381
0.435
0.1125
0.1425
0.156
0.141
0.174
0.144
0.0825
0.093
0.078
0.087
0.0735
0.1155
0.0795
0.0555
0.075
0.0315
0.0165
0.006
0.0015
0.0015
0.0015
0.0015
0.0
0.0
0.0
0.0
0.0
0.0
0.0
0.0
0.0
0.0
0.0
0.0
0.0
0.0
0.0
0.0
0.0
0.003
0.0105
0.0405
0.0675
0.111
0.0915
0.192
0.2925
0.369
0.1995
0.195
0.2355
0.225
0.1755
0.0705
0.0645
0.099
0.126
0.165
0.114
0.066
0.039
0.033
0.0285
0.0105
0.0075
0.0045
0.0
0.0
0.0
0.0
0.0
0.0
0.0015
0.0
0.0
0.0
0.0
0.0
0.0
0.0
0.0
0.0
0.0
0.0
0.0
0.0
0.0
0.003
0.0075
0.0165
0.0435
0.066
0.108
0.2325
0.2625
0.1935
0.2115
0.234
0.231
0.234
0.201
0.132
0.1635
0.159
0.102
0.1395
0.0645
0.1035
0.0855
0.0705
0.045
0.024
0.012
0.006
0.0
0.0
0.0
0.0
0.0
0.0
0.0
0.0
0.0
0.0
0.0
0.0
0.0
0.0
0.0
0.0
0.0
0.0
0.0
0.0
0.0
0.0015
0.0075
0.0135
0.0315
0.0825
0.09
0.1155
0.12
0.1275
0.1755
0.1635
0.2175
0.198
0.1155
0.084
0.078
0.0975
0.0765
0.057
0.075
0.045
0.036
0.051
0.0435
0.027
0.012
0.006
0.0
0.0015
0.0
0.0
0.0
0.0
0.0
0.0
0.0
0.0
0.0
0.0
0.0
0.0
0.0
0.0
0.0
0.0
0.0
0.0
0.0
0.0015
0.006
0.0135
0.027
0.039
0.0555
0.0765
0.12
0.1515
0.15
0.177
0.2325
0.2175
0.186
0.147
0.072
0.0765
0.075
0.066
0.072
0.1035
0.0735
0.0615
0.0525
0.03
0.0075
0.0045
0.0
0.0
0.0
0.0
0.0
0.0
0.0
0.0
0.0
0.0
0.0
0.0
0.0
0.0
0.0
0.0
0.0
0.0
0.0
0.0
0.0
0.0015
0.006
0.0225
0.0405
0.0525
0.0765
0.1245
0.183
0.1665
0.1455
0.165
0.1455
0.138
0.1515
0.1275
0.12
0.1065
0.1215
0.135
0.105
0.0735
0.0645
0.042
0.036
0.0195
0.012
0.0045
0.0
0.0
0.0
0.0
0.0
0.0
0.0
0.0
0.0
0.0
0.0
0.0
0.0
0.0
0.0
0.0
0.0
0.0
0.0
0.0
0.0
0.0
0.006
0.009
0.021
0.0345
0.0465
0.051
0.0615
0.078
0.0975
0.0885
0.093
0.084
0.087
0.09
0.105
0.0885
0.0615
0.0675
0.084
0.0705
0.063
0.0675
0.045
0.0195
0.009
0.0045
0.0
0.0
0.0
0.0
0.0
0.0
0.0
0.0
0.0
0.0
0.0
0.0
0.0
0.0
0.0
0.0
0.0
0.0
0.0
0.0
0.0
0.0
0.006
0.0075
0.018
0.0285
0.039
0.054
0.072
0.0945
0.102
0.1095
0.1275
0.1425
0.147
0.1635
0.1515
0.1875
0.195
0.141
0.0585
0.0585
0.054
0.0435
0.033
0.0225
0.0075
0.003
0.0
0.0
0.0
0.0
0.0
0.0
0.0
0.0
0.0
0.0
0.0
0.0
0.0
0.0
0.0
0.0
0.0
0.0
0.0
0.0
0.0
0.0015
0.006
0.0165
0.0315
0.051
0.063
0.0855
0.129
0.156
0.219
0.1845
0.18
0.219
0.141
0.1335
0.114
0.102
0.09
0.0885
0.081
0.072
0.072
0.048
0.0315
0.0135
0.006
0.0015
0.0
0.0
0.0
0.0
0.0
0.0
0.0
0.0
0.0
0.0
0.0
0.0
0.0
0.0
0.0
0.0
0.0
0.0
0.0
0.0
0.0
0.0
0.0045
0.0075
0.03
0.057
0.0765
0.111
0.111
0.174
0.147
0.1725
0.1695
0.1515
0.1965
0.1905
0.1845
0.156
0.1785
0.1755
0.1305
0.129
0.1035
0.0825
0.0675
0.027
0.006
0.0015
0.0
0.0
0.0
0.0
0.0
0.0
0.0
0.0
0.0
0.0
0.0
0.0
0.0
0.0
0.0
0.0
0.0
0.0
0.0
0.0
0.0
0.0
0.0045
0.0165
0.042
0.06
0.093
0.3195
0.0885
0.081
0.087
0.078
0.0765
0.075
0.0855
0.09
0.1305
0.171
0.1995
0.1605
0.1275
0.0855
0.0675
0.0555
0.0345
0.0255
0.0075
0.0015
0.0
0.0
0.0
0.0
0.0
0.0
0.0
0.0
0.0
0.0
0.0
0.0
0.0
0.0
0.0
0.0
0.0
0.0
0.0
0.0
0.0
0.0
0.006
0.0165
0.036
0.0615
0.0855
0.201
0.075
0.1065
0.108
0.1185
0.153
0.1515
0.15
0.147
0.1725
0.1155
0.093
0.066
0.1035
0.087
0.0765
0.054
0.0315
0.0135
0.006
0.0
0.0
0.0
0.0
0.0
0.0
0.0
0.0
0.0
0.0
0.0
0.0
0.0
0.0
0.0
0.0
0.0
0.0
0.0
0.0
0.0
0.0
0.0
0.006
0.018
0.042
0.069
0.129
0.177
0.1365
0.1545
0.186
0.1815
0.189
0.1905
0.1185
0.1185
0.123
0.0975
0.0615
0.06
0.051
0.048
0.0315
0.0375
0.03
0.0135
0.006
0.0
0.0
0.0
0.0
0.0
0.0
0.0
0.0
0.0
0.0
0.0
0.0
0.0
0.0
0.0
0.0015
0.0
0.0
0.0
0.0
0.0
0.0
0.0
0.006
0.012
0.018
0.033
0.0435
0.069
0.1065
0.144
0.138
0.207
0.2055
0.189
0.1515
0.0975
0.1335
0.117
0.1215
0.1095
0.0945
0.0615
0.039
0.0255
0.0195
0.0105
0.006
0.0
0.0
0.0
0.0
0.0
0.0
0.0
0.0015
0.0
0.0
0.0
0.0
0.0
0.0
0.0
0.0
0.0
0.0
0.0
0.0
0.0
0.0
0.0
0.0045
0.0105
0.0255
0.039
0.099
0.0945
0.111
0.135
0.1365
0.087
0.0735
0.108
0.0795
0.0705
0.0645
0.081
0.087
0.0945
0.0585
0.0555
0.0495
0.0315
0.0195
0.0075
0.0045
0.0
0.0
0.0
0.0
0.0
0.0
0.0
0.0
0.0
0.0
0.0
0.0
