0.0
0.0
0.0
0.0
0.0
0.0
0.0
0.0
0.0
0.0
0.0
0.0
0.0
0.0
0.0
0.0045
0.0135
0.0315
0.0675
0.087
0.0885
0.111
0.123
0.177
0.129
0.1125
0.1005
0.087
0.0945
0.054
0.0405
0.03
0.006
0.0015
0.0
0.0
0.0
0.0
0.0
0.0
0.0
0.0
0.0
0.0
0.0
0.0
0.0
0.0
0.0
0.0
0.0
0.0
0.0
0.0
0.0
0.0
0.0
0.0
0.0
0.0
0.0
0.0
0.003
0.0075
0.0225
0.027
0.03
0.0675
0.0615
0.039
0.0465
0.087
0.1545
0.129
0.0915
0.09
0.102
0.087
0.066
0.048
0.027
0.0105
0.0045
0.0
0.0
0.0
0.0
0.0
0.0
0.0
0.0
0.0
0.0
0.0
0.0
0.0
0.0
0.0
0.0
0.0
0.0
0.0
0.0
0.0
0.0
0.0
0.0
0.0
0.003
0.021
0.069
0.1245
0.156
0.1635
0.1665
0.27
0.3105
0.204
0.3045
0.3315
0.2475
0.3585
0.225
0.231
0.2775
0.282
0.2475
0.1755
0.135
0.0675
0.039
0.0135
0.003
0.0
0.0
0.0
0.0
0.0
0.0
0.0
0.0
0.0
0.0
0.0
0.0
0.0
0.0
0.0
0.0
0.0
0.0
0.0
0.0
0.0
0.006
0.009
0.018
0.03
0.039
0.057
0.078
0.117
0.1035
0.1245
0.192
0.1785
0.1545
0.2055
0.2325
0.315
0.2955
0.249
0.3885
0.39
0.4665
0.4845
0.33
0.252
0.228
0.1485
0.0345
0.009
0.0015
0.0
0.0
0.0
0.0
0.0
0.0
0.0
0.0
0.0
0.0
0.0
0.0
0.0
0.0
0.0
0.0
0.003
0.009
0.042
0.0525
0.2115
0.624
0.4035
0.4095
0.3885
0.324
0.6825
1.176
0.678
0.6615
0.7395
0.813
0.468
0.4515
0.8235
0.651
0.516
0.4935
0.654
0.354
0.369
0.42
0.3585
0.3165
0.264
0.0345
0.0135
0.009
0.006
0.0
0.0
0.0
0.0
0.0
0.0
0.0
0.0
0.0
0.0
0.0
0.0
0.0
0.0
0.0045
0.0165
0.0525
0.0555
0.0585
0.048
0.0615
0.1275
0.441
0.6855
0.5355
0.552
1.0305
1.023
0.534
0.501
0.492
0.6195
0.444
0.5955
0.4755
0.348
0.297
0.2745
0.3405
0.393
0.2175
0.138
0.147
0.189
0.15
0.084
0.087
0.0195
0.0075
0.003
0.0
0.0
0.0
0.0
0.0
0.0
0.0
0.0
0.0
0.0
0.0
0.0
0.0
0.006
0.012
0.0285
0.063
0.108
0.1695
0.2475
0.3615
0.555
0.5895
0.963
0.9285
2.0535
1.1115
0.3555
2.2185
2.349
2.3565
2.3115
2.262
2.151
2.01
1.863
1.6515
1.455
1.221
1.032
0.819
0.447
0.417
0.1155
0.081
0.042
0.0105
0.0015
0.0
0.0
0.0
0.0
0.0
0.0
0.0
0.0
0.0
0.0
0.0
0.0
0.0
0.0
0.003
0.009
0.0405
0.1005
0.1275
0.6555
0.7005
0.69
0.837
0.4815
0.6435
0.483
0.594
0.6075
1.2615
0.876
1.5645
1.0665
0.783
0.2565
0.264
0.2805
0.3045
0.252
0.3795
0.8205
0.5415
0.4395
0.192
0.072
0.0165
0.006
0.0
0.0
0.0
0.0
0.0
0.0
0.0
0.0
0.0
0.0
0.0
0.0
0.0
0.0
0.0
0.0
0.0
0.0
0.0045
0.006
0.018
0.033
0.0585
0.075
0.1125
0.1725
0.1575
0.2505
0.156
0.153
0.1995
0.2355
0.2205
0.123
0.123
0.09
0.105
0.132
0.135
0.0825
0.036
0.048
0.0255
0.009
0.006
0.0
0.0015
0.0
0.0
0.0
0.0
0.0
0.0
0.0
0.0
0.0
0.003
0.0015
0.003
0.003
0.003
0.003
0.003
0.003
0.003
0.0015
0.003
0.0045
0.006
0.0105
0.0315
0.048
0.0315
0.042
0.0885
0.099
0.1155
0.108
0.054
0.048
0.0285
0.0315
0.036
0.033
0.024
0.015
0.018
0.0195
0.015
0.0075
0.006
0.003
0.003
0.003
0.003
0.003
0.003
0.003
0.003
0.003
0.003
0.003
0.003
0.003
0.0
0.0
0.0
0.0
0.0
0.0
0.0
0.0
0.0
0.0
0.0
0.0
0.0
0.0015
0.006
0.0105
0.0165
0.027
0.0585
0.0495
0.042
0.0405
0.048
0.0465
0.039
0.0465
0.045
0.039
0.027
0.0225
0.0135
0.009
0.006
0.0015
0.0
0.0
0.0
0.0
0.0
0.0
0.0
0.0
0.0
0.0
0.0
0.0
0.0
0.0
0.0
0.0
0.0
0.0
0.0
0.0
0.0
0.0
0.0
0.0
0.0
0.0
0.0
0.0
0.0015
0.006
0.012
0.021
0.042
0.0615
0.0675
0.069
0.054
0.0435
0.0405
0.039
0.036
0.0345
0.027
0.018
0.0105
0.006
0.003
0.0
0.0
0.0
0.0
0.0
0.0
0.0
0.0
0.0
0.0
0.0
0.0
0.0
0.0
0.0
0.0
0.0
0.0
0.0
0.0
0.0
0.0
0.0
0.0
0.0
0.0
0.0
0.0
0.0015
0.0075
0.015
0.0225
0.0285
0.0345
0.0375
0.045
0.0525
0.0555
0.0555
0.0585
0.069
0.0675
0.0645
0.06
0.042
0.024
0.0135
0.006
0.0015
0.0
0.0
0.0
0.0
0.0
0.0
0.0
0.0
0.0
0.0
0.0
0.0
0.0
0.0
0.0
0.0
0.0
0.0
0.0
0.0
0.0
0.0
0.0
0.0
0.0
0.0
0.0
0.0015
0.0075
0.0165
0.024
0.0345
0.0375
0.054
0.0855
0.078
0.084
0.099
0.075
0.0945
0.096
0.0675
0.066
0.0375
0.0255
0.0105
0.006
0.0
0.0
0.0
0.0
0.0
0.0
0.0
0.0
0.0
0.0
0.0
0.0
0.0
0.0
0.0
0.0
0.0
0.0
0.0
0.0
0.0
0.0
0.0
0.0
0.0
0.0
0.0
0.0
0.0015
0.006
0.012
0.0225
0.0255
0.036
0.0375
0.042
0.045
0.045
0.045
0.0465
0.045
0.0525
0.0585
0.0705
0.0495
0.0315
0.0135
0.006
0.0
0.0
0.0
0.0
0.0
0.0
0.0
0.0
0.0
0.0
0.0
0.0
0.0
0.0
0.0
0.0
0.0
0.0
0.0
0.0
0.0
0.0
0.0
0.0
0.0
0.0
0.0
0.0
0.0015
0.006
0.0195
0.0315
0.033
0.036
0.039
0.0405
0.042
0.045
0.045
0.051
0.1065
0.0675
0.072
0.0555
0.0255
0.0195
0.0105
0.006
0.0
0.0
0.0
0.0
0.0
0.0
0.0
0.0
0.0
0.0
0.0
0.0
0.0
0.0
0.0
0.0
0.0
0.0
0.0
0.0
0.0
0.0
0.0
0.0
0.0
0.0
0.0
0.0
0.0
0.006
0.0135
0.0315
0.051
0.066
0.063
0.063
0.066
0.063
0.042
0.0465
0.048
0.0375
0.0345
0.0405
0.0285
0.015
0.0075
0.0045
0.0
0.0
0.0
0.0
0.0
0.0
0.0
0.0
0.0
0.0
0.0
0.0
0.0
0.0
0.0
0.0
0.0
0.0
0.0
0.0
0.0
0.0
0.0015
0.0
0.0
0.0
0.0
0.0
0.0
0.006
0.009
0.015
0.021
0.0285
0.0465
0.069
0.0525
0.0555
0.06
0.0435
0.03
0.0225
0.0135
0.021
0.0195
0.0195
0.006
0.0045
0.0
0.0
0.0
0.0
0.0
0.0
0.0
0.0
0.0
0.0
0.0
0.0
0.0
0.0
0.0
0.0
0.0
0.0
0.0
0.0
0.0
0.0
0.0
0.0
0.0
0.0
0.0
0.0
0.0
0.006
0.0105
0.0165
0.0225
0.0285
0.033
0.0345
0.072
0.069
0.0735
0.051
0.0405
0.045
0.0375
0.0375
0.033
0.024
0.0105
0.006
0.0
0.0015
0.0
0.0
0.0
0.0
0.0
0.0
0.0
0.0
0.0
0.0
0.0
0.0
0.0
0.0
0.0
0.0
0.0
0.0
0.0
0.0
0.0
0.0
0.0
0.0
0.0
0.0
0.0
0.003
0.0075
0.009
0.0135
0.0165
0.024
0.0255
0.0405
0.0495
0.018
0.033
0.0735
0.0645
0.0345
0.0345
0.03
0.021
0.0105
0.006
0.0
0.0
0.0
0.0
0.0
0.0
0.0
0.0
0.0
0.0
0.0
0.0
0.0
0.0
0.0
0.0
0.0
0.0
0.0
0.0
0.0
0.0
0.0
0.0
0.0
0.0
0.0
0.0
0.0
0.003
0.0075
0.012
0.0165
0.0225
0.0315
0.045
0.0585
0.0345
0.0495
0.0405
0.0375
0.0405
0.045
0.0375
0.039
0.024
0.0135
0.006
0.0
0.0
0.0
0.0
0.0
0.0
0.0
0.0
0.0
0.0
0.0
0.0
0.0
0.0
0.0
0.0
0.0
0.0
0.0
0.0
0.0
0.0
0.0
0.0
0.0
0.0
0.0
0.0
0.0
0.0045
0.0075
0.0225
0.042
0.0645
0.045
0.048
0.0795
0.045
0.0375
0.0345
0.084
0.0435
0.0375
0.036
0.033
0.021
0.0105
0.006
0.0
0.0
0.0
0.0
0.0
0.0
0.0
0.0
0.0
0.0
0.0
0.0
0.0
0.0
0.0
0.0
0.0
0.0
0.0
0.0
0.0
0.0
0.0
0.0
0.0
0.0
0.0
0.0
0.0
0.0045
0.009
0.0165
0.021
0.0255
0.0315
0.0375
0.039
0.0465
0.072
0.0435
0.039
0.045
0.0465
0.0435
0.0435
0.015
0.0075
0.0045
0.0
0.0
0.0
0.0
0.0
0.0
0.0
0.0
0.0
0.0
0.0
0.0
0.0
0.0
0.0
0.0
0.0
0.0
0.0
0.0
0.0
0.0
0.0
0.0
0.0
0.0
0.0
0.0
0.0
0.0045
0.0075
0.021
0.03
0.045
0.081
0.087
0.105
0.0975
0.108
0.105
0.0615
0.0675
0.0735
0.0495
0.039
0.0225
0.0075
0.0045
0.0
0.0015
0.0015
0.0
0.0
0.0
0.0
0.0
0.0
0.0
0.0
0.0
0.0
0.0
0.0
0.0
0.0
0.0
0.0
0.0
0.0
0.0
0.0
0.0
0.0
0.0
0.0
0.0
0.0
0.0045
0.0075
0.0255
0.0465
0.0675
0.0825
0.1185
0.1035
0.0735
0.0825
0.06
0.069
0.0765
0.0735
0.0585
0.036
0.018
0.009
0.0045
0.0
0.0
0.0
0.0
0.0
0.0
0.0
0.0
0.0
0.0
0.0
0.0
0.0
0.0
0.0
0.0
0.0
0.0
0.0
0.0
0.0
0.0
0.0
0.0
0.0
0.0
0.0
0.0
0.0
0.0045
0.0075
0.018
0.0285
0.036
0.036
0.06
0.0735
0.078
0.0705
0.081
0.096
0.0765
0.057
0.0645
0.0555
0.024
0.0075
0.0045
0.0
0.0
0.0
0.0
0.0
0.0
0.0
0.0
0.0
0.0
0.0
0.0
0.0
0.0
0.0
0.0
0.0
0.0
0.0
0.0
0.0
0.0
0.0
0.0
0.0
0.0
0.0
0.0
0.0
0.003
0.006
0.0075
0.027
0.027
0.0615
0.081
0.0795
0.0675
0.048
0.066
0.0795
0.09
0.054
0.039
0.033
0.0225
0.006
0.0045
0.0
0.0
0.0
0.0
0.0
0.0
0.0
0.0
0.0
0.0
0.0
0.0
0.0
0.0
0.0
0.0
0.0
0.0
0.0
0.0
0.0
0.0
0.0
0.0
0.0
0.0
0.0
0.0
0.0
0.0015
0.006
0.0075
0.009
0.021
0.0285
0.03
0.0495
0.0585
0.102
0.0645
0.0645
0.072
0.0555
0.03
0.036
0.027
0.009
0.0045
0.0
0.0
0.0
0.0
0.0
0.0
0.0
0.0
0.0
0.0
0.0
0.0
0.0
0.0
0.0
0.0
0.0
0.0
0.0
0.0
0.0
0.0
0.0
0.0
0.0
0.0
0.0
0.0
0.0
0.0015
0.0075
0.0135
0.033
0.06
0.069
0.0885
0.102
0.102
0.102
0.102
0.0735
0.039
0.018
0.024
0.0285
0.021
0.006
0.0045
0.0
0.0
0.0015
0.0
0.0
0.0
0.0
0.0
0.0
0.0
0.0
0.0
0.0
0.0
0.0
0.0
0.0
0.0
0.0
0.0
0.0
0.0
0.0
0.0
0.0
0.0
0.0
0.0
0.0
0.0045
0.0075
0.027
0.0315
0.057
0.063
0.0555
0.0975
0.1035
0.114
0.1125
0.0645
0.0825
0.06
0.0555
0.039
0.0195
0.009
0.0045
0.0
0.0
0.0
0.0
0.0
0.0
0.0
0.0
0.0
0.0
0.0
0.0
0.0
0.0
0.0
