0.368
0.124
0.103
0.084
0.124
0.104
0.049
0.093
0.103
0.06
0.123
0.2
0.183
0.513
0.206
0.267
0.153
0.345
0.214
0.198
0.152
0.51
0.4
0.291
0.176
0.221
0.454
0.296
0.12
0.172
0.157
0.221
0.293
0.316
0.217
0.17
0.256
0.195
0.783
0.343
0.415
1.234
0.678
0.634
0.579
0.323
0.211
0.106
0.128
0.126
0.114
0.05
0.098
0.117
0.057
0.09
0.105
0.093
0.122
0.205
0.484
0.595
0.458
0.325
0.203
0.205
0.22
0.174
0.201
0.145
0.48
0.442
0.135
0.331
0.598
0.316
0.559
0.1
0.092
0.105
0.144
0.153
0.209
0.18
0.149
0.21
0.176
0.196
0.164
0.183
0.221
0.213
0.447
0.308
0.098
0.088
0.084
0.087
0.115
0.054
0.089
0.117
0.05
0.086
0.098
0.066
0.113
0.199
0.186
0.159
0.178
0.3
0.482
0.463
0.439
0.398
0.301
0.401
0.31
0.351
0.294
0.448
0.382
0.093
0.127
0.13
0.086
0.109
0.174
0.191
0.19
0.159
0.212
0.212
0.159
0.18
0.199
0.181
0.214
0.156
0.171
0.169
0.097
0.061
0.101
0.091
0.104
0.081
0.063
0.117
0.091
0.05
0.11
0.085
0.105
0.174
0.176
0.202
0.147
0.179
0.223
0.154
0.177
0.145
0.097
0.107
0.084
0.112
0.096
0.112
0.21
0.595
0.631
0.783
1.83
1.16
0.491
1.177
1.109
0.829
0.211
0.182
0.187
0.222
0.165
0.166
0.223
0.178
0.184
0.124
0.09
0.126
0.079
0.059
0.132
0.093
0.072
0.092
0.088
0.101
0.059
0.098
0.136
0.153
0.19
0.203
0.142
0.204
0.184
0.186
0.173
0.138
0.137
0.07
0.091
0.13
0.071
0.143
0.175
0.127
0.088
0.068
0.115
0.094
0.116
0.214
0.177
0.176
0.176
0.184
0.223
0.159
0.166
0.225
0.18
0.172
0.185
0.129
0.123
0.08
0.061
0.131
0.098
0.064
0.103
0.088
0.101
0.068
0.084
0.13
0.08
0.184
0.202
0.162
0.184
0.177
0.201
0.187
0.16
0.169
0.112
0.068
0.123
0.099
0.111
0.137
0.162
0.168
0.089
0.074
0.144
0.1
0.153
0.176
0.182
0.223
0.17
0.16
0.232
0.758
0.626
0.519
0.665
0.652
0.397
0.232
0.178
0.161
0.139
0.13
0.16
0.161
0.102
0.16
0.163
0.102
0.155
0.115
0.106
0.17
0.184
0.334
0.508
0.301
0.27
0.241
0.327
0.161
0.129
0.126
0.389
0.523
0.16
0.156
0.149
0.614
0.347
0.141
0.155
0.178
0.262
0.186
0.211
0.213
0.365
0.269
0.367
0.275
0.642
0.63
0.535
1.094
0.951
0.904
0.193
0.136
0.16
0.165
0.134
0.171
0.141
0.137
0.118
0.121
0.172
0.082
0.104
0.169
0.207
0.579
0.446
0.522
1.09
0.339
0.493
0.531
0.321
0.363
0.794
0.316
0.379
0.387
0.372
0.369
0.473
0.614
0.246
0.575
0.449
0.456
0.249
0.572
0.232
0.222
0.75
0.29
0.295
0.258
0.261
0.586
0.857
0.665
0.136
0.1
0.163
0.413
0.093
0.095
0.122
0.062
0.069
0.124
0.072
0.07
0.111
0.186
0.287
0.526
0.468
0.225
0.172
0.175
0.174
0.217
1.194
0.168
0.35
0.171
0.193
1.931
1.022
0.547
0.188
0.815
0.414
0.83
0.409
0.258
0.237
0.2
0.512
0.684
0.718
0.913
0.502
1.069
0.466
0.745
0.649
0.209
0.105
0.059
0.082
0.125
0.083
0.066
0.075
0.086
0.11
0.052
0.069
0.114
0.099
0.164
0.162
0.184
0.347
0.192
0.456
0.764
0.212
0.092
0.085
0.091
0.076
0.072
0.086
0.148
0.124
0.123
0.099
0.045
0.108
0.091
0.129
0.176
0.167
0.181
0.148
0.193
0.208
0.135
0.182
0.193
0.174
0.178
0.162
0.143
0.091
0.045
0.121
0.094
0.06
0.09
0.086
0.088
0.062
0.084
0.105
0.049
0.11
0.208
0.132
0.184
0.186
0.137
0.191
0.175
0.173
0.103
0.086
0.108
0.05
0.083
0.114
0.101
0.797
0.592
0.342
0.579
1.296
0.923
0.338
0.152
0.209
0.163
0.151
0.192
0.174
0.192
0.141
0.198
0.205
0.142
0.194
0.129
0.089
0.075
0.085
0.12
0.074
0.109
0.161
0.096
0.138
0.142
0.102
0.103
0.114
0.184
0.166
0.383
0.373
0.281
0.272
0.209
0.151
0.162
0.117
0.105
0.094
0.1
0.135
0.134
0.165
0.157
0.07
0.076
0.105
0.09
0.41
0.41
0.811
0.939
2.227
1.494
1.262
0.858
0.77
1.479
1.13
0.687
0.35
0.188
0.165
0.129
0.104
0.078
0.09
0.07
0.108
0.097
0.047
0.12
0.084
0.065
0.123
0.187
0.171
0.158
0.231
0.552
0.679
0.193
0.123
0.063
0.098
0.096
0.091
0.079
0.092
0.1
0.068
0.085
0.119
0.067
0.098
0.123
0.054
0.098
0.1
0.057
0.107
0.091
0.06
0.098
0.107
0.142
0.179
0.188
0.218
0.254
0.259
0.086
0.084
0.08
0.105
0.123
0.11
0.13
0.119
0.1
0.122
0.114
0.115
0.112
0.105
0.409
0.085
0.093
0.086
0.091
0.097
0.069
0.087
0.095
0.059
0.089
0.097
0.23
0.119
0.094
0.06
0.1
0.085
0.07
0.099
0.074
0.078
0.12
0.086
0.079
0.316
0.061
0.083
0.091
0.059
0.088
0.096
0.086
0.111
0.128
0.12
0.123
0.369
0.188
0.077
0.071
0.086
0.078
0.087
0.107
0.122
0.113
0.117
0.115
0.098
0.286
0.076
0.091
0.095
0.594
0.849
0.35
0.161
0.295
0.469
0.078
0.085
0.307
0.169
0.083
0.079
0.077
0.082
0.071
0.086
0.084
0.071
0.086
0.086
0.07
0.269
0.089
0.073
0.079
0.079
0.085
0.084
0.092
0.115
0.122
0.134
0.127
0.344
0.637
0.58
0.396
0.327
0.244
0.118
0.117
0.115
0.123
0.11
0.103
0.1
0.1
0.099
0.112
0.102
0.078
0.094
0.111
0.079
0.107
0.317
0.126
0.108
0.095
0.069
0.109
0.082
0.074
0.111
0.073
0.074
0.115
0.065
0.373
0.11
0.059
0.085
0.106
0.058
0.091
0.088
0.077
0.101
0.104
0.112
0.281
0.632
0.6
0.244
0.311
0.233
0.122
0.123
0.194
0.166
0.158
0.185
0.172
0.178
0.193
0.163
0.122
0.116
0.055
0.084
0.117
0.05
0.247
0.191
0.066
0.129
0.121
0.097
0.112
0.179
0.2
0.2
0.21
0.218
0.193
0.423
0.202
0.187
0.238
0.195
0.19
0.24
0.128
0.093
0.156
0.08
0.098
0.353
0.595
0.298
0.134
0.103
0.151
0.154
0.131
0.177
0.199
0.19
0.21
0.198
0.213
0.522
0.264
0.212
0.16
0.138
0.107
0.114
0.153
0.097
0.116
0.431
0.929
0.351
1.697
0.983
0.628
1.0
0.154
0.203
0.182
0.166
0.175
0.184
0.196
0.157
0.194
0.616
0.648
0.383
0.358
0.256
0.149
0.083
0.065
0.088
0.085
0.084
0.07
0.088
0.086
0.077
0.112
0.102
0.156
0.194
0.166
0.169
0.204
0.488
0.172
0.221
0.101
0.088
0.127
0.054
0.1
0.119
0.062
0.113
0.214
0.435
0.519
0.17
0.235
0.704
0.262
0.248
0.246
1.4400001
0.934
0.441
0.284
1.021
0.887
0.719
0.525
0.324
0.215
0.14
0.145
0.132
0.139
0.159
0.107
0.147
0.156
0.098
0.157
0.141
0.1
0.188
0.217
0.206
0.715
0.656
0.315
0.256
0.212
0.227
0.188
0.134
0.205
0.496
0.557
0.145
0.217
0.221
0.088
0.249
0.122
0.06
0.406
0.423
0.211
0.286
0.266
0.282
0.321
0.638
0.767
0.392
0.447
0.502
0.979
0.729
0.24
0.658
0.076
0.072
0.131
0.1
0.052
0.119
0.091
0.073
0.091
0.084
0.097
0.09
0.198
0.185
0.35
0.468
0.205
0.203
0.181
0.176
0.18
0.185
0.48
0.463
0.367
0.471
0.329
0.225
0.197
0.12
0.1
0.125
0.089
0.296
0.21
0.22
0.22
0.303
0.741
0.509
0.274
0.27
0.269
0.479
0.869
0.479
0.674
0.122
0.089
0.074
0.094
0.109
0.054
0.099
0.106
0.046
0.109
0.086
0.059
0.124
0.164
0.188
0.587
0.277
0.255
0.185
0.793
0.248
0.132
0.159
0.116
1.126
1.113
0.435
0.226
0.31
0.406
1.133
0.599
1.105
0.382
0.312
0.471
0.71
0.874
0.239
0.31
0.322
0.236
0.595
0.735
0.51
0.547
0.436
0.138
0.157
0.087
0.092
0.068
0.097
0.084
0.061
0.113
0.06
0.063
0.166
0.103
0.149
0.202
0.258
0.65
0.282
0.202
0.267
0.258
0.316
0.29
0.221
0.3
0.759
0.599
0.348
0.414
1.406
0.379
0.69
0.354
1.2309999
0.729
0.243
0.244
0.257
0.31
0.244
0.235
0.357
0.295
0.271
0.292
0.391
0.412
0.339
0.321
0.413
0.155
0.081
0.104
0.078
0.083
0.081
0.088
0.064
0.088
0.163
0.123
0.153
0.188
0.152
0.177
0.821
0.709
0.72
0.628
0.622
0.281
0.218
0.134
0.083
0.081
0.072
0.141
0.381
0.09
0.109
0.089
0.065
0.1
0.157
0.182
0.158
0.196
0.169
0.147
0.212
0.344
0.157
0.196
0.171
0.179
0.166
0.144
0.063
0.063
0.121
0.05
0.075
0.419
0.59
0.524
0.258
0.307
0.211
0.122
0.13
0.165
0.182
0.174
0.154
0.2
0.156
0.153
0.215
0.094
0.065
0.104
0.068
0.083
0.079
0.448
0.187
0.105
0.126
0.047
0.083
0.098
0.486
1.273
0.531
1.5470001
1.052
0.419
0.234
0.192
0.182
0.181
0.184
0.214
0.149
0.143
0.112
0.051
0.113
0.109
0.122
0.108
0.132
0.149
0.089
0.125
0.095
0.049
0.136
0.18
0.616
0.219
0.188
0.191
0.167
0.209
0.187
0.098
0.146
0.093
0.09
0.101
0.113
0.249
0.211
0.165
0.094
0.074
0.129
0.096
0.16
0.183
0.211
0.202
0.15
0.218
0.21
0.156
0.203
0.189
0.193
0.174
0.174
0.159
0.079
0.055
0.128
0.082
0.072
0.087
0.088
0.092
0.065
0.124
0.102
0.148
0.275
0.175
0.153
0.203
0.163
0.187
0.18
0.198
0.176
0.125
0.138
0.076
0.102
0.126
0.081
0.157
0.177
0.145
0.082
0.09
0.146
0.064
0.155
0.205
0.18
0.193
0.188
0.228
0.345
0.262
0.269
0.284
0.407
0.398
0.228
0.178
0.11
0.049
0.107
0.085
0.085
0.064
0.089
0.103
0.045
0.103
0.087
0.049
0.131
0.174
0.17
0.358
0.626
0.178
0.143
0.204
0.16
0.105
0.12
0.065
0.079
0.087
0.086
0.071
0.079
0.103
0.053
0.082
0.104
0.046
0.158
0.177
0.149
0.195
0.18
0.174
0.171
0.331
0.443
0.419
0.467
0.435
0.519
0.394
0.114
0.071
0.093
0.077
0.08
0.072
0.096
0.062
0.069
0.107
0.123
0.138
0.161
0.154
0.194
0.502
0.267
0.187
0.177
0.175
0.17
0.143
0.085
0.061
0.341
0.411
0.349
0.386
0.35
0.373
1.05
0.958
1.613
1.906
2.2609999
1.271
0.565
0.215
0.208
0.22
0.176
0.232
0.217
0.172
0.226
0.433
0.497
0.354
0.138
0.132
0.057
0.079
0.102
0.077
0.08
0.077
0.106
0.061
0.079
0.14
0.099
0.194
0.305
0.459
0.158
0.173
0.19
0.152
0.189
0.155
0.05
0.101
0.093
0.086
0.074
0.138
0.189
0.088
0.093
0.113
0.058
0.087
0.159
0.173
0.167
0.172
0.219
0.149
0.171
0.213
0.169
0.17
0.189
0.187
0.196
0.094
0.111
0.096
0.045
0.115
0.083
0.073
0.221
0.215
0.226
0.179
0.257
0.233
0.219
0.238
0.169
0.15
0.201
0.167
0.184
0.175
0.192
0.105
0.065
0.121
0.059
0.068
0.104
0.126
0.158
0.104
0.11
0.071
0.062
0.127
0.134
0.16
0.196
0.184
0.193
0.157
0.201
0.213
0.145
0.193
0.193
0.19
0.178
0.108
0.113
0.099
