0.119
0.132
0.098
0.103
0.138
0.288
0.175
0.17
0.244
0.203
0.13
0.12
0.119
0.261
0.25
0.348
0.297
0.27
0.177
0.199
0.147
0.104
0.134
0.239
0.148
0.153
0.186
0.418
0.253
0.26
0.263
0.299
0.24
0.33
0.229
0.205
0.225
0.309
0.283
0.342
0.887
0.985
1.3430001
1.268
1.03
0.432
0.15
0.169
0.122
0.11
0.123
0.126
0.103
0.097
0.143
0.107
0.095
0.118
0.123
0.1
0.1
0.332
0.232
0.175
0.112
0.209
0.193
0.133
0.128
0.108
0.096
0.11
0.126
0.1
0.23
0.133
0.12
0.11
0.107
0.137
0.105
0.111
0.139
0.236
0.161
0.318
0.466
0.364
1.225
1.076
0.974
0.943
0.832
0.759
0.381
0.133
0.124
0.147
0.107
0.099
0.137
0.12
0.098
0.108
0.14
0.106
0.104
0.118
0.207
0.254
0.171
0.197
0.105
0.121
0.141
0.118
0.112
0.117
0.193
0.115
0.113
0.197
0.132
0.11
0.107
0.156
0.106
0.113
0.126
0.134
0.113
0.11
0.137
0.317
0.445
0.695
0.695
0.661
1.589
1.628
1.478
1.52
1.397
0.27
0.139
0.124
0.152
0.117
0.107
0.124
0.13
0.108
0.107
0.136
0.116
0.102
0.116
0.224
0.191
0.178
0.325
0.162
0.133
0.186
0.202
0.321
0.579
1.263
0.291
0.144
0.139
0.151
0.109
0.112
0.126
0.134
0.112
0.106
0.149
0.119
0.105
0.467
0.749
1.577
2.1670001
1.479
1.561
1.625
1.401
1.527
1.494
0.346
0.137
0.142
0.131
0.108
0.101
0.15
0.116
0.105
0.111
0.141
0.106
0.105
0.125
0.126
0.277
0.119
0.175
0.292
0.148
0.143
0.117
0.233
0.15
0.338
0.323
0.114
0.174
0.153
0.183
0.178
0.17
0.237
0.237
0.564
0.38
0.547
0.704
1.299
1.62
2.5999999
1.893
1.8329999
1.711
2.2539999
1.459
0.914
0.17
0.17
0.13
0.11
0.133
0.148
0.104
0.106
0.134
0.125
0.105
0.099
0.147
0.112
0.098
0.316
0.223
0.122
0.11
0.128
0.13
0.109
0.102
0.153
0.112
0.103
0.127
1.108
0.237
0.135
0.155
0.164
0.165
0.205
0.327
0.171
0.134
0.146
0.173
0.137
0.138
0.144
0.174
0.144
0.138
0.163
0.161
0.333
0.183
0.136
0.112
0.106
0.108
0.138
0.103
0.098
0.13
0.112
0.103
0.275
0.151
0.102
0.168
0.119
0.174
0.097
0.105
0.143
0.098
0.103
0.544
0.189
0.254
0.149
0.147
0.112
0.147
0.207
0.179
0.139
0.11
0.205
0.162
0.134
0.109
0.135
0.132
0.251
0.502
0.701
0.664
0.666
0.834
0.677
0.617
0.32
0.152
0.127
0.125
0.156
0.142
0.12
0.138
0.169
0.121
0.128
0.15
0.141
0.127
0.122
0.168
0.263
0.233
0.195
0.153
0.107
0.109
0.143
0.236
0.181
0.171
0.135
0.104
0.109
0.15
0.112
0.188
0.121
0.136
0.136
0.132
0.174
0.164
0.146
1.367
1.14
0.678
0.801
1.061
1.0880001
1.21
1.1849999
1.472
1.024
0.802
0.187
0.145
0.104
0.098
0.129
0.126
0.099
0.103
0.142
0.103
0.105
0.116
0.129
0.103
0.287
0.227
0.179
0.134
0.184
0.19
0.155
0.131
0.13
0.105
0.097
0.112
0.127
0.094
0.101
0.133
0.102
0.1
0.111
0.143
0.117
0.111
0.138
0.138
0.109
0.114
0.145
0.117
0.116
0.117
0.15
0.118
0.112
0.128
0.117
0.096
0.103
0.136
0.102
0.101
0.102
0.133
0.1
0.096
0.127
0.114
0.095
0.103
0.154
0.167
0.118
0.126
0.131
0.103
0.096
0.124
0.109
0.093
0.098
0.137
0.092
0.099
0.112
0.117
0.1
0.099
0.128
0.118
0.114
0.12
0.149
0.111
0.117
0.141
0.124
0.116
0.115
0.149
0.117
0.112
0.128
0.135
0.095
0.102
0.127
0.107
0.103
0.101
0.134
0.103
0.096
0.112
0.128
0.095
0.101
0.13
0.125
0.158
0.118
0.148
0.107
0.102
0.103
0.123
0.097
0.093
0.117
0.111
0.096
0.099
0.123
0.103
0.098
0.093
0.139
0.11
0.113
0.132
0.138
0.111
0.116
0.136
0.124
0.118
0.118
0.157
0.124
0.111
0.121
0.137
0.093
0.099
0.118
0.113
0.101
0.102
0.126
0.107
0.103
0.096
0.136
0.102
0.098
0.101
0.153
0.16
0.114
0.128
0.13
0.096
0.096
0.118
0.104
0.097
0.097
0.122
0.103
0.098
0.094
0.129
0.098
0.092
0.107
0.137
0.111
0.114
0.127
0.127
0.112
0.113
0.135
0.12
0.113
0.109
0.148
0.116
0.112
0.113
0.128
0.094
0.099
0.117
0.112
0.102
0.102
0.124
0.107
0.102
0.095
0.134
0.098
0.1
0.118
0.183
0.115
0.117
0.115
0.122
0.097
0.093
0.12
0.109
0.092
0.097
0.129
0.095
0.098
0.098
0.127
0.099
0.103
0.115
0.142
0.116
0.11
0.131
0.24
0.483
0.911
2.0090001
1.73
1.554
1.5779999
1.614
1.2029999
0.229
0.191
0.133
0.102
0.095
0.128
0.108
0.098
0.099
0.135
0.095
0.102
0.118
0.245
0.132
0.459
0.507
1.125
0.271
0.323
0.457
0.396
0.671
0.447
0.187
0.092
0.325
0.274
0.32
0.28
0.507
0.489
0.488
0.464
0.354
0.846
1.359
0.853
0.673
0.661
0.681
0.184
0.172
0.173
0.567
0.647
0.674
0.406
0.2
0.133
0.106
0.136
0.111
0.103
0.101
0.139
0.101
0.096
0.115
0.127
0.095
0.099
0.192
0.339
0.365
0.214
0.234
0.116
0.105
0.103
0.212
0.139
0.326
0.916
0.951
0.361
0.972
0.896
0.845
0.954
0.969
0.701
0.243
0.213
0.166
0.196
0.165
0.164
0.167
0.196
0.165
0.158
0.181
0.182
0.417
0.24
0.143
0.113
0.101
0.097
0.136
0.102
0.101
0.103
0.134
0.1
0.098
0.116
0.252
0.186
0.371
0.227
0.174
0.13
0.099
0.13
0.097
0.098
0.107
0.124
0.098
0.096
0.119
0.117
0.279
0.152
0.135
0.332
0.374
0.401
0.412
0.474
0.409
0.389
0.613
0.573
0.37
0.376
0.696
0.619
1.0779999
0.647
0.704
0.27
0.112
0.106
0.139
0.105
0.106
0.103
0.135
0.104
0.097
0.116
0.126
0.097
0.103
0.125
0.178
0.306
0.381
0.206
0.143
0.142
0.231
0.182
0.167
0.244
0.2
0.168
0.33
0.341
0.38
0.167
0.196
0.244
0.276
0.188
0.22
0.445
0.505
0.58
0.797
2.421
2.4719999
1.832
1.803
2.4949999
2.1359999
2.003
1.543
1.52
0.431
0.124
0.131
0.133
0.106
0.1
0.137
0.111
0.098
0.116
0.133
0.098
0.102
0.136
0.234
0.268
0.252
0.483
0.251
0.17
0.192
0.18
0.274
0.184
0.348
0.862
1.159
0.527
0.41
0.333
0.241
0.241
0.231
0.522
0.518
0.846
0.538
0.71
0.306
0.306
0.28
0.284
0.322
0.292
1.398
1.743
1.529
1.475
1.45
1.147
0.129
0.112
0.129
0.133
0.104
0.111
0.138
0.116
0.108
0.103
0.15
0.107
0.172
0.19
0.287
0.114
0.106
0.222
0.252
0.127
0.14
0.147
0.127
0.121
0.283
0.204
0.176
0.178
0.162
0.184
0.825
0.853
0.476
0.204
0.278
1.029
0.333
0.336
0.226
0.185
0.468
0.756
0.741
1.1390001
1.743
1.17
0.171
0.135
0.127
0.101
0.103
0.13
0.093
0.101
0.139
0.098
0.098
0.114
0.119
0.098
0.347
0.509
0.642
0.556
0.699
0.309
0.767
0.137
0.121
0.146
0.492
0.404
0.369
0.354
0.394
0.235
0.254
0.137
0.169
0.147
0.135
0.128
0.607
0.637
1.178
1.604
1.598
0.994
0.931
1.041
1.0880001
1.1569999
1.26
0.733
0.311
0.128
0.144
0.101
0.098
0.123
0.144
0.101
0.102
0.117
0.139
0.104
0.098
0.121
0.198
0.568
0.581
0.502
0.4
0.326
0.256
0.271
0.553
0.384
0.358
0.134
0.137
0.094
0.1
0.111
0.142
0.104
0.093
0.113
0.91
0.264
0.357
0.244
0.252
0.408
0.374
0.174
0.134
0.101
0.106
0.555
0.425
0.141
0.096
0.13
0.135
0.097
0.102
0.119
0.132
0.104
0.095
0.132
0.12
0.102
0.101
0.124
0.235
0.304
0.362
0.43
0.277
0.452
0.249
0.245
0.305
0.28
0.68
0.816
0.563
0.374
0.336
0.355
0.229
0.143
0.161
0.243
0.166
0.28
0.799
0.254
0.827
0.173
0.194
0.249
0.87
1.539
1.575
1.511
1.5420001
1.603
1.6109999
1.277
0.098
0.136
0.11
0.094
0.108
0.142
0.096
0.1
0.118
0.122
0.1
0.095
0.244
0.141
0.349
0.176
0.143
0.217
0.139
0.235
0.145
0.134
0.214
0.351
0.305
0.143
0.147
0.155
0.12
0.1
0.133
0.117
0.1
0.209
0.164
0.151
0.157
0.171
0.173
0.154
0.153
0.177
0.163
0.154
0.151
0.618
0.151
0.104
0.117
0.125
0.095
0.1
0.129
0.1
0.1
0.104
0.134
0.099
0.098
0.093
0.137
0.284
0.259
0.452
0.266
0.205
0.158
0.166
0.192
0.153
0.273
0.28
0.327
0.293
0.28
0.404
0.373
0.305
0.384
0.356
0.156
0.478
0.298
0.294
0.426
0.432
1.33
1.531
1.149
1.2309999
1.37
1.293
0.87
0.218
0.279
0.105
0.097
0.111
0.133
0.094
0.102
0.13
0.11
0.099
0.096
0.143
0.103
0.094
0.112
0.234
0.132
0.138
0.278
0.236
0.119
0.162
0.146
0.153
0.102
0.111
0.143
0.1
0.108
0.126
0.125
0.105
0.105
0.131
0.123
0.106
0.102
0.143
0.104
0.107
1.11
0.928
0.849
1.382
1.671
2.408
1.6799999
2.0150001
1.133
1.119
1.101
1.115
1.1619999
1.1109999
1.098
1.1059999
1.133
1.101
1.095
1.125
1.1160001
1.099
1.101
1.124
0.194
0.104
0.095
0.35
0.111
0.098
0.092
0.288
0.203
0.165
0.246
0.233
0.164
0.262
0.153
0.238
0.204
0.248
0.215
0.192
0.172
0.268
0.269
0.996
0.871
0.318
0.707
1.61
1.798
1.87
1.734
1.711
1.538
0.238
0.175
0.14
0.154
0.119
0.116
0.136
0.204
0.172
0.178
0.293
0.189
0.177
0.107
0.139
0.254
0.127
0.151
0.406
0.107
0.107
0.129
0.204
0.149
0.141
0.166
0.158
0.143
0.135
0.182
0.261
0.427
0.269
0.322
0.383
0.237
0.154
0.139
0.119
0.121
0.163
0.596
1.79
1.6059999
1.469
1.473
1.132
0.222
0.11
0.095
0.111
0.133
0.101
0.102
0.117
0.131
0.102
0.095
0.128
0.111
0.101
0.101
0.342
0.237
0.142
0.189
0.293
0.246
0.345
0.419
0.524
0.67
0.292
0.138
0.127
0.107
0.111
0.148
0.11
0.108
0.107
0.676
1.062
0.838
1.624
0.771
0.804
0.8
1.068
1.247
1.402
1.234
1.1
1.103
0.206
0.128
0.122
0.144
0.104
0.105
0.116
0.127
0.098
0.104
0.135
0.111
0.103
0.103
0.135
0.116
0.344
0.356
0.433
0.122
0.163
0.181
0.134
0.108
0.108
0.119
0.127
0.102
0.104
0.342
0.345
0.382
0.398
0.485
0.468
0.216
0.306
0.527
0.546
0.298
0.243
0.243
0.225
0.224
0.233
0.254
0.392
0.422
0.287
0.228
0.093
0.099
0.119
0.118
0.1
0.093
0.127
0.114
0.093
0.1
0.132
0.101
0.098
0.097
0.262
0.307
0.242
0.514
0.187
0.287
0.135
0.155
0.149
0.148
0.348
0.425
0.754
0.571
0.249
0.256
0.221
0.353
0.248
0.223
0.221
0.221
0.317
0.439
0.341
0.329
0.368
1.852
1.49
1.347
1.143
0.68
0.19
0.153
0.099
0.113
0.113
0.113
0.094
0.088
0.132
0.099
0.089
0.095
0.128
0.093
0.094
0.107
0.21
0.304
0.171
0.184
0.127
0.097
0.11
0.191
0.096
0.227
0.503
0.366
0.198
0.209
0.756
0.508
0.65
0.181
0.19
0.155
0.163
0.187
0.173
0.287
0.374
0.59
0.499
0.531
0.537
0.527
0.507
0.337
0.158
0.127
0.143
