0.097
0.113
0.185
0.089
0.121
0.169
0.093
0.137
0.14
0.106
0.153
0.106
0.134
0.152
0.307
0.507
0.494
0.707
0.155
0.139
0.092
0.163
0.139
0.116
0.162
0.249
0.487
0.505
0.467
0.517
0.277
0.092
0.186
0.13
0.185
0.266
0.489
0.211
0.23
0.411
0.493
0.433
0.378
0.153
0.193
0.156
0.144
0.166
0.151
0.159
0.155
0.132
0.185
0.133
0.126
0.204
0.12
0.121
0.204
0.111
0.138
0.174
0.135
0.201
0.508
0.703
0.168
0.122
0.155
0.187
0.113
0.153
0.195
0.115
0.153
0.283
0.469
0.513
0.543
0.484
0.473
0.52
0.329
0.269
0.499
0.501
0.361
0.182
0.409
0.57
0.521
0.393
0.263
0.268
0.513
0.559
0.122
0.13
0.193
0.13
0.14
0.167
0.145
0.145
0.141
0.14
0.17
0.133
0.123
0.195
0.121
0.12
0.208
0.701
0.147
0.203
0.142
0.143
0.153
0.148
0.168
0.146
0.123
0.213
0.171
0.126
0.234
0.186
0.13
0.209
0.179
0.111
0.174
0.204
0.152
0.208
0.369
0.486
0.518
0.54
0.446
0.365
0.33
0.314
0.558
0.303
0.18
0.179
0.165
0.119
0.175
0.181
0.123
0.151
0.198
0.119
0.128
0.208
0.13
0.125
0.189
0.141
0.149
0.468
0.235
0.17
0.187
0.15
0.177
0.44
0.421
0.176
0.215
0.148
0.152
0.194
0.686
0.132
0.206
0.146
0.113
0.188
0.181
0.103
0.176
0.227
0.164
0.194
0.429
0.516
0.524
0.308
0.2
0.14
0.167
0.16
0.134
0.167
0.147
0.145
0.175
0.126
0.142
0.193
0.12
0.119
0.212
0.122
0.121
0.186
0.167
0.479
0.325
0.51
0.268
0.344
0.153
0.413
0.233
0.16
0.141
0.218
0.166
0.396
0.286
0.198
0.125
0.191
0.234
0.135
0.143
0.376
0.371
0.325
0.358
0.498
0.414
0.264
0.464
0.193
0.119
0.169
0.192
0.121
0.152
0.186
0.147
0.134
0.173
0.153
0.137
0.173
0.146
0.144
0.167
0.162
0.125
0.192
0.193
0.129
0.183
0.219
0.289
0.145
0.268
0.337
0.125
0.187
0.231
0.164
0.131
0.23
0.212
0.146
0.152
0.25
0.198
0.146
0.18
0.235
0.18
0.474
0.292
0.238
0.203
0.191
0.282
0.225
0.165
0.192
0.209
0.13
0.111
0.212
0.178
0.106
0.162
0.208
0.12
0.13
0.186
0.162
0.12
0.171
0.159
0.15
0.186
0.176
0.157
0.208
0.186
0.147
0.251
0.214
0.188
0.143
0.21
0.196
0.171
0.196
0.219
0.192
0.149
0.201
0.202
0.165
0.124
0.19
0.187
0.137
0.144
0.262
0.322
0.242
0.227
0.812
0.208
0.161
0.244
0.245
0.198
0.181
0.221
0.176
0.117
0.133
0.21
0.158
0.114
0.169
0.2
0.142
0.106
0.197
0.192
0.123
0.116
0.235
0.212
0.127
0.582
0.298
0.209
0.13
0.163
0.236
0.194
0.625
0.179
0.231
0.17
0.133
0.209
0.217
0.12
0.118
0.209
0.182
0.107
0.15
0.218
0.188
0.16
0.249
0.256
0.165
0.198
0.241
0.199
0.117
0.172
0.172
0.133
0.158
0.156
0.141
0.162
0.168
0.109
0.169
0.182
0.122
0.123
0.214
0.145
0.121
0.201
0.211
0.129
0.17
0.326
0.167
0.151
0.19
0.189
0.147
0.187
0.153
0.141
0.169
0.164
0.113
0.232
0.537
0.549
0.987
0.461
0.32
0.522
0.318
0.91
0.706
0.434
0.895
0.621
0.328
0.172
0.129
0.142
0.192
0.136
0.103
0.194
0.158
0.094
0.154
0.184
0.125
0.151
0.281
0.857
0.681
0.714
0.384
0.514
0.466
0.559
0.126
0.204
0.146
0.118
0.353
0.712
0.288
0.549
0.331
0.54
0.376
0.187
0.132
0.16
0.199
0.158
0.123
0.264
0.224
0.162
0.223
0.331
0.603
0.153
0.168
0.139
0.151
0.161
0.108
0.162
0.187
0.118
0.12
0.205
0.141
0.111
0.164
0.152
0.125
0.167
0.126
0.446
0.735
0.388
0.541
0.538
0.499
0.515
0.395
0.586
0.367
0.516
0.428
0.486
0.407
0.21
0.116
0.129
0.214
0.133
0.105
0.178
0.181
0.104
0.157
0.154
0.145
0.164
0.16
0.146
0.248
0.249
0.17
0.183
0.185
0.12
0.138
0.163
0.122
0.173
0.16
0.104
0.14
0.19
0.108
0.146
0.15
0.132
0.165
0.143
0.102
0.187
0.188
0.122
0.179
0.279
0.167
0.186
0.164
0.121
0.206
0.183
0.124
0.178
0.177
0.16
0.182
0.161
0.116
0.212
0.167
0.112
0.17
0.181
0.15
0.175
0.157
0.249
0.272
0.242
0.622
0.151
0.175
0.123
0.154
0.15
0.134
0.177
0.155
0.103
0.156
0.19
0.099
0.137
0.169
0.15
0.145
0.165
0.107
0.174
0.186
0.102
0.143
0.562
0.161
0.304
0.463
0.142
0.147
0.175
0.128
0.109
0.208
0.146
0.104
0.193
0.214
0.133
0.177
0.295
0.199
0.164
0.229
0.171
0.248
0.254
0.179
0.131
0.202
0.152
0.109
0.163
0.131
0.142
0.181
0.138
0.104
0.19
0.162
0.101
0.161
0.135
0.141
0.175
0.143
0.099
0.17
0.192
0.104
0.144
0.169
0.164
0.189
0.199
0.125
0.157
0.227
0.128
0.125
0.187
0.157
0.171
0.215
0.144
0.123
0.234
0.194
0.137
0.712
0.215
0.197
0.22
0.21
0.166
0.226
0.261
0.099
0.129
0.156
0.136
0.156
0.171
0.09
0.117
0.215
0.115
0.123
0.159
0.113
0.164
0.167
0.099
0.127
0.189
0.147
0.138
0.186
0.124
0.175
0.191
0.123
0.384
0.772
0.723
0.714
0.753
0.7
0.721
0.776
0.705
0.703
0.757
0.739
0.708
0.438
0.164
0.135
0.238
0.204
0.162
0.219
0.204
0.405
0.268
0.178
0.146
0.212
0.232
0.109
0.145
0.149
0.127
0.184
0.134
0.096
0.151
0.176
0.123
0.147
0.14
0.1
0.193
0.149
0.104
0.176
0.166
0.16
0.183
0.169
0.136
0.184
0.205
0.129
0.171
0.181
0.148
0.183
0.185
0.133
0.157
0.211
0.15
0.161
0.2
0.141
0.177
0.842
0.344
0.164
0.223
0.198
0.165
0.22
0.17
0.178
0.251
0.177
0.148
0.199
0.16
0.13
0.171
0.135
0.08
0.208
0.154
0.107
0.158
0.131
0.145
0.18
0.135
0.102
0.2
0.195
0.12
0.17
0.168
0.685
0.82
0.671
0.158
0.117
0.211
0.565
0.683
0.74
0.773
0.738
0.726
0.767
0.704
0.743
0.814
0.416
0.272
0.235
0.389
0.78
0.802
0.759
0.626
0.231
0.139
0.113
0.179
0.132
0.132
0.183
0.133
0.108
0.179
0.167
0.109
0.17
0.13
0.111
0.207
0.137
0.107
0.162
0.175
0.145
0.183
0.16
0.114
0.991
0.168
0.112
0.138
0.18
0.164
0.168
0.176
0.121
0.184
0.215
0.128
0.14
0.213
0.196
0.165
0.191
0.158
0.308
0.407
0.249
0.136
0.208
0.202
0.15
0.193
0.209
0.108
0.184
0.176
0.112
0.137
0.189
0.143
0.115
0.177
0.129
0.139
0.187
0.139
0.101
0.168
0.19
0.115
0.153
0.173
0.134
0.154
0.202
0.16
0.132
0.212
0.211
0.134
0.155
0.197
0.171
0.124
0.168
0.173
0.123
0.162
0.177
0.158
0.147
0.358
0.247
0.221
0.162
0.213
0.249
0.166
0.189
0.209
0.164
0.146
0.169
0.175
0.092
0.173
0.195
0.144
0.095
0.161
0.213
0.123
0.123
0.161
0.177
0.152
0.53
0.162
0.122
0.167
0.194
0.14
0.098
0.17
0.213
0.128
0.123
0.206
0.23
0.154
0.152
0.324
0.729
0.182
0.187
0.199
0.144
0.201
0.216
0.16
0.113
0.156
0.215
0.143
0.11
0.157
0.211
0.311
0.141
0.226
0.217
0.191
0.161
0.176
0.158
0.12
0.175
0.182
0.134
0.129
0.204
0.706
0.132
0.14
0.177
0.18
0.123
0.163
0.164
0.121
0.163
0.179
0.133
0.097
0.205
0.176
0.104
0.132
0.19
0.166
0.11
0.171
0.153
0.158
0.469
0.796
0.716
0.362
0.197
0.124
0.092
0.154
0.166
0.118
0.126
0.151
0.094
0.159
0.167
0.095
0.097
0.201
0.301
0.172
0.635
0.134
0.119
0.159
0.153
0.093
0.117
0.197
0.124
0.098
0.153
0.127
0.131
0.153
0.139
0.094
0.151
0.192
0.089
0.108
0.153
0.137
0.126
0.21
0.187
0.146
0.25
0.219
0.154
0.194
0.264
0.235
0.23
0.234
0.174
0.153
0.222
0.134
0.109
0.185
0.167
0.142
0.172
0.142
0.108
0.206
0.756
0.128
0.184
0.156
0.145
0.2
0.163
0.116
0.16
0.209
0.151
0.179
0.182
0.478
0.791
0.763
0.429
0.175
0.199
0.176
0.169
0.176
0.179
0.201
0.232
0.121
0.145
0.174
0.134
0.169
0.182
0.114
0.127
0.201
0.159
0.331
0.813
0.767
0.801
0.854
0.774
0.779
0.17
0.134
0.168
0.18
0.114
0.12
0.188
0.147
0.145
0.158
0.104
0.159
0.629
0.697
0.726
0.745
0.696
0.784
0.75
0.698
0.748
0.735
0.229
0.204
0.169
0.13
0.18
0.191
0.155
0.183
0.168
0.651
0.784
0.782
0.713
0.775
0.72
0.301
0.643
0.75
0.714
0.526
0.114
0.162
0.197
0.105
0.139
0.152
0.137
0.174
0.145
0.108
0.149
0.151
0.138
0.632
0.142
0.094
0.182
0.152
0.123
0.179
0.107
0.132
0.173
0.143
0.145
0.157
0.1
0.15
0.194
0.118
0.163
0.142
0.094
0.197
0.167
0.102
0.172
0.131
0.12
0.235
0.158
0.124
0.2
0.129
0.146
0.191
0.132
0.101
0.166
0.162
0.14
0.165
0.111
0.127
0.191
0.129
0.133
0.172
0.092
0.137
0.211
0.104
0.132
0.153
0.112
0.171
0.165
0.102
0.166
0.139
0.119
0.192
0.166
0.127
0.177
0.162
0.171
0.182
0.179
0.12
0.194
0.216
0.113
0.147
0.169
0.109
0.178
0.184
0.122
0.126
0.168
0.255
0.322
0.255
0.215
0.177
0.253
0.194
0.103
0.137
0.169
0.162
0.142
0.163
0.124
0.111
0.211
0.15
0.098
0.158
0.155
0.152
0.182
0.172
0.626
0.178
0.217
0.155
0.145
0.184
0.132
0.145
0.194
0.137
0.099
0.173
0.215
0.151
0.132
0.171
0.146
0.146
0.225
0.184
0.122
0.137
0.195
0.227
0.152
0.169
0.199
0.152
0.167
0.359
0.292
0.143
0.171
0.223
0.149
0.105
0.162
0.168
0.153
0.144
0.167
0.141
0.103
0.183
0.189
0.111
0.118
0.172
0.172
0.127
0.154
0.193
0.142
0.157
0.23
0.171
0.122
0.158
0.199
0.188
0.127
0.186
0.211
0.129
0.193
0.224
0.166
0.125
0.186
0.233
0.173
0.228
0.776
0.384
0.285
0.217
0.204
0.165
0.143
0.231
0.238
0.142
0.156
0.203
0.159
0.144
0.173
0.165
0.111
0.119
0.189
0.165
0.105
0.157
0.162
0.104
0.17
0.201
0.14
0.127
0.186
0.194
0.152
0.168
0.191
0.136
0.14
0.227
0.172
0.12
0.159
0.172
0.146
0.133
0.322
0.725
0.694
0.763
0.793
0.703
0.764
0.772
0.55
0.326
0.219
0.199
0.144
0.17
0.233
0.161
0.105
0.172
0.157
0.111
0.176
0.177
0.121
0.104
0.169
0.178
0.131
0.149
0.17
0.113
0.155
0.355
0.708
0.686
0.737
0.726
0.275
0.191
0.187
0.133
0.134
0.214
0.186
0.124
0.18
0.187
0.136
0.188
0.191
0.149
0.124
0.211
0.22
0.147
0.258
0.278
0.161
0.176
0.239
0.194
0.115
0.152
0.171
0.154
0.128
0.173
0.131
0.104
0.199
0.186
0.09
0.137
0.173
0.135
0.145
0.173
0.139
0.089
0.159
0.209
0.132
0.146
0.188
0.149
0.129
0.197
0.159
0.109
0.142
0.207
0.193
0.125
0.183
0.188
0.133
0.191
0.185
0.141
0.103
0.154
0.243
0.173
0.147
0.2
0.166
0.171
0.21
0.191
0.149
