0.304
0.322
0.299
0.247
0.239
1.451
0.249
0.321
0.323
0.271
0.242
0.445
0.686
1.063
1.112
0.691
0.487
0.473
0.471
0.352
0.45
0.474
0.473
0.537
0.429
0.374
0.345
1.4579999
0.594
0.437
0.368
0.522
0.44
0.378
0.34
0.76
0.526
0.506
0.479
0.441
0.459
0.518
0.599
0.488
1.8559999
1.925
0.685
0.304
0.323
0.318
0.25
0.24
0.951
0.775
0.306
0.319
0.303
0.236
0.243
1.433
0.484
0.999
1.2410001
0.659
0.768
0.508
0.548
0.27
0.488
0.482
0.284
0.248
0.246
0.346
0.308
1.405
0.542
0.354
0.467
0.351
0.426
0.513
0.432
0.652
0.55
0.547
0.735
0.661
0.707
2.2260001
2.401
1.706
0.968
0.496
0.302
0.3
0.23
0.228
1.4
0.216
0.295
0.297
0.264
0.223
0.216
1.472
0.253
0.488
0.678
0.481
0.584
0.65
0.581
0.646
0.66
0.449
0.393
0.364
0.328
0.384
0.434
0.483
1.617
0.414
0.374
0.412
0.473
0.455
0.477
0.409
0.372
0.567
0.649
0.641
0.71
0.654
0.619
0.631
0.656
0.58
0.562
0.529
1.684
0.251
0.218
0.213
0.279
0.293
0.293
0.217
1.414
0.21
0.272
0.292
0.297
0.425
0.457
0.533
0.594
0.66
0.686
0.624
0.665
0.41
0.252
0.323
0.293
1.414
0.28
0.212
0.209
0.219
0.26
0.4
0.683
1.508
1.9579999
1.526
0.757
0.606
0.525
0.526
0.582
0.568
0.636
0.627
0.785
0.867
0.413
0.541
0.394
1.378
0.243
0.229
0.223
0.281
0.308
0.299
0.258
1.313
0.354
0.214
0.303
0.503
0.532
0.523
0.445
0.462
0.475
0.512
0.511
0.262
0.232
0.236
0.217
0.348
0.987
1.869
0.385
0.803
0.577
0.345
0.427
0.426
0.386
0.372
0.332
0.469
0.591
0.557
0.611
0.551
0.547
0.618
0.617
0.339
0.326
0.326
0.228
0.304
0.324
0.306
0.311
0.306
0.297
0.273
0.228
0.213
0.227
0.271
0.304
0.501
0.54
0.634
0.513
0.534
0.636
1.229
0.608
0.419
0.366
0.334
0.345
0.332
0.316
0.3
0.312
0.309
0.293
1.257
0.426
0.297
0.355
0.347
0.305
1.344
1.781
2.059
1.931
0.614
0.755
1.284
1.048
0.56
1.0319999
0.302
0.313
0.311
0.302
0.287
0.214
1.2819999
0.327
0.215
0.29
0.305
0.301
0.307
0.241
1.439
0.611
0.444
0.591
1.242
0.624
0.586
0.574
0.335
0.418
0.459
0.384
0.361
0.366
0.443
0.44
0.46
0.462
0.447
1.5
0.641
0.474
0.469
0.437
0.784
0.679
0.677
0.693
0.663
0.652
0.848
0.768
0.568
0.553
0.412
0.31
0.238
0.331
0.33
1.4220001
0.416
0.294
0.237
0.246
0.243
0.257
0.327
1.279
0.522
0.694
0.617
0.693
0.626
1.243
0.631
0.697
0.509
0.5
0.472
0.455
0.478
0.541
0.416
0.43
0.459
0.412
1.302
0.685
0.311
0.366
0.406
0.366
0.572
0.574
0.564
0.612
0.571
0.554
0.569
0.499
0.445
0.331
0.294
0.318
0.364
1.442
0.357
0.364
0.27
0.277
0.284
0.273
0.336
1.559
0.344
0.328
0.605
0.59
0.836
0.872
0.65
0.524
0.518
1.052
0.461
0.496
0.471
0.423
0.379
0.337
0.323
2.1429999
0.38
0.26
0.907
0.306
0.308
0.339
0.351
0.299
0.534
1.376
0.492
0.72
0.6
0.583
0.593
0.635
0.351
0.358
0.388
0.301
0.307
0.3
0.31
1.405
0.227
0.213
0.23
0.249
0.3
0.304
0.284
1.2869999
0.548
0.539
0.603
0.643
0.66
0.572
0.531
0.477
0.237
0.233
0.229
0.26
0.311
0.324
0.319
0.228
0.232
1.225
0.331
0.32
0.312
0.344
0.333
0.237
0.423
0.433
0.458
0.811
0.674
0.62
0.616
0.607
0.365
0.335
0.373
0.292
1.448
0.321
0.293
0.246
0.227
0.22
0.224
0.254
1.502
0.305
0.291
0.24
0.413
0.466
0.45
0.451
0.515
0.614
0.6
0.605
0.43
0.383
0.387
0.377
1.402
0.283
0.289
0.289
0.321
0.369
0.359
0.317
0.292
0.325
1.516
0.372
0.553
0.565
0.515
0.508
0.5
0.501
0.626
0.653
0.458
0.463
0.412
0.461
0.887
1.6720001
1.771
1.96
1.365
0.384
0.348
0.271
0.251
0.259
0.464
1.266
0.524
0.589
0.552
0.514
0.514
0.571
0.588
0.582
0.376
0.31
0.318
0.337
0.885
1.749
0.485
0.371
0.306
0.273
0.288
0.288
0.346
0.412
0.434
0.696
0.728
0.726
0.887
0.744
0.783
0.822
0.81
1.581
2.3989999
1.632
0.495
0.407
0.369
0.356
0.394
0.392
0.399
1.53
0.29
0.295
0.296
0.307
0.379
0.334
0.875
1.067
0.634
0.48
0.477
0.531
0.708
0.739
0.631
0.616
0.537
0.553
0.481
0.476
0.613
1.2690001
1.898
0.547
1.197
0.48
0.41
0.508
0.553
0.593
0.775
0.715
0.67
1.265
1.8710001
1.8890001
0.658
0.705
0.504
0.469
0.475
0.377
0.296
0.263
1.443
0.876
0.421
0.452
0.44
0.359
0.332
1.411
0.319
0.338
0.527
0.677
0.481
0.454
0.48
0.618
0.51
0.445
0.236
0.229
0.288
0.324
0.32
0.248
1.396
0.447
0.552
0.561
0.574
0.722
0.529
0.539
1.125
1.595
1.691
2.3280001
1.7690001
0.705
0.699
0.818
0.798
0.769
0.571
0.513
0.307
0.281
0.232
0.244
1.49
0.432
0.361
0.355
0.301
0.26
0.258
1.418
0.377
0.345
0.544
0.688
0.524
0.634
0.632
0.716
0.645
0.603
0.388
0.345
0.39
0.522
1.671
1.096
0.45
1.036
0.625
0.569
0.576
0.585
0.427
1.614
0.515
0.917
1.066
1.015
0.824
0.738
0.876
0.69
0.749
0.828
0.863
2.7160001
2.1099999
1.318
1.0930001
0.346
0.329
0.334
0.33
0.769
1.122
0.298
0.245
0.26
0.246
0.311
1.429
0.732
0.91
1.165
0.696
0.603
0.686
0.748
0.586
0.614
0.738
0.508
0.606
0.526
0.59
0.657
0.423
0.444
1.4450001
0.657
0.674
0.627
0.581
0.384
0.884
1.2819999
1.95
1.55
0.64
0.597
0.573
0.56
0.367
0.308
0.267
0.324
0.338
0.327
0.259
1.401
0.294
0.308
0.402
0.365
0.346
0.261
1.334
0.248
0.454
0.695
0.562
0.548
0.48
0.546
0.608
0.59
0.595
0.531
0.525
0.382
0.383
0.434
1.5930001
0.72
0.672
0.49
0.611
1.061
0.58
0.702
0.674
1.722
0.825
0.866
0.697
0.679
0.676
0.648
0.614
0.612
0.418
0.322
0.329
1.477
0.41
1.793
0.387
0.322
0.32
0.31
0.369
0.389
0.336
1.48
0.248
0.247
0.445
0.526
0.654
0.629
0.619
0.538
0.617
0.723
0.328
0.437
0.931
0.551
0.357
0.296
0.317
1.0549999
0.449
1.0420001
0.318
0.254
0.247
0.423
1.339
1.934
1.951
1.9630001
1.967
1.987
1.86
1.836
1.916
1.827
1.841
2.0190001
1.9349999
2.0569999
1.9809999
1.932
1.908
1.85
1.825
1.832
1.873
1.913
1.924
1.931
1.8940001
1.8430001
1.814
1.96
1.934
1.878
0.674
0.778
1.0700001
0.56
1.051
0.607
0.611
0.597
0.404
0.344
0.268
0.465
0.375
0.443
1.352
1.515
1.895
1.499
0.496
0.402
0.424
0.347
0.479
0.653
0.888
0.745
0.723
0.745
0.857
0.796
0.626
0.66
0.392
0.317
1.469
0.326
0.357
0.345
0.329
0.328
0.338
0.292
0.248
1.478
0.246
0.508
0.499
0.421
0.511
1.704
1.05
0.617
0.958
0.968
0.688
0.884
0.504
0.631
0.497
0.447
1.515
0.424
0.407
0.396
0.396
0.499
0.501
0.529
0.628
0.605
1.595
0.449
0.584
0.564
0.592
0.554
0.573
0.64
0.648
0.551
0.432
0.399
0.34
0.329
0.244
0.329
0.343
0.327
0.29
1.228
0.461
0.289
0.338
0.383
0.474
0.385
0.609
0.471
0.511
0.558
0.545
0.593
0.855
1.944
0.367
0.348
0.327
0.354
0.353
0.341
0.434
0.506
1.275
0.605
0.44
0.37
0.427
0.564
0.486
1.7460001
1.091
0.698
0.704
0.591
0.69
0.716
0.642
0.606
0.332
1.493
0.327
0.322
0.493
0.429
0.363
0.328
0.277
1.3559999
0.338
0.335
0.319
0.309
0.382
0.385
0.586
0.668
1.327
0.646
0.495
1.114
0.442
0.434
0.298
1.3839999
0.32
0.385
0.326
0.431
0.36
0.318
0.353
0.525
0.48
1.561
0.317
0.317
0.424
0.35
0.61
0.59
0.587
0.541
0.552
0.542
0.532
0.469
0.331
0.327
0.304
1.425
0.329
0.323
0.325
0.374
0.334
0.327
1.3710001
0.246
0.245
0.3
0.478
0.83
0.725
0.5
0.601
0.661
0.551
0.553
0.682
0.604
0.337
0.285
1.603
0.336
0.41
0.56
0.46
0.57
0.456
0.53
0.441
1.602
0.454
0.478
0.485
0.899
0.706
0.68
0.733
0.822
0.638
0.54
0.498
0.436
0.244
0.242
1.454
0.42
0.475
0.358
0.317
0.329
0.348
1.527
0.348
0.258
0.262
0.392
0.45
0.488
1.59
0.486
0.635
1.25
1.127
0.689
0.959
0.929
0.448
0.517
0.569
0.4
0.381
0.413
1.614
0.472
0.392
0.44
0.475
0.476
0.434
0.394
1.5829999
0.792
0.822
0.748
0.722
0.752
0.886
0.841
0.712
0.518
0.266
0.342
0.444
0.362
1.5039999
0.321
0.401
0.387
0.285
0.284
0.311
1.503
0.244
0.304
0.394
0.475
0.581
0.496
0.481
0.646
0.873
0.57
0.454
0.443
0.316
0.313
0.329
1.336
0.327
0.309
0.256
0.24
0.278
0.367
0.344
0.308
0.519
1.597
0.495
0.44
0.578
0.659
0.663
0.694
2.2119999
1.707
0.584
1.239
0.275
0.251
0.292
0.335
0.287
0.321
1.523
0.421
0.365
0.267
0.296
0.325
0.304
1.4069999
0.434
0.385
0.527
0.472
0.447
0.521
0.61
0.522
0.473
0.541
0.316
0.252
0.237
0.315
0.373
0.503
0.389
0.65
1.691
1.477
1.61
0.288
0.323
0.464
0.441
0.418
0.516
0.596
0.661
0.751
1.5880001
1.796
0.531
0.462
0.345
0.344
0.356
0.284
0.272
0.257
0.338
1.501
0.528
0.28
0.279
0.262
0.326
0.505
0.395
1.247
0.504
0.695
0.631
0.651
0.572
0.567
0.551
0.531
0.42
0.362
0.613
0.447
0.374
0.426
0.534
0.47
0.426
1.163
0.827
1.214
1.988
1.655
2.2019999
0.495
0.517
0.567
0.607
0.654
0.768
0.7
0.603
0.604
0.419
0.4
0.379
0.3
0.269
0.291
0.336
1.423
0.333
0.241
0.25
0.236
0.326
0.51
0.373
1.446
0.673
1.169
1.008
0.748
1.382
0.727
0.642
0.641
0.585
0.519
0.573
0.511
0.496
0.532
0.457
2.4189999
0.63
0.66
0.658
0.447
0.441
1.169
0.61
0.498
1.569
0.573
0.819
1.405
0.683
0.68
1.212
0.488
0.282
0.317
0.365
0.426
1.127
0.421
0.363
1.472
0.381
0.356
0.329
0.332
0.279
0.395
1.3609999
0.386
0.66
0.64
0.53
0.462
0.427
0.423
0.457
0.504
0.308
0.275
0.381
0.275
0.298
0.336
0.364
1.377
0.291
0.322
0.339
0.338
0.333
0.326
0.281
0.302
1.443
0.475
0.563
0.53
0.535
0.445
0.474
0.447
0.312
0.347
0.331
0.317
0.325
0.361
0.384
1.501
0.368
0.275
0.243
0.245
0.287
0.394
0.542
1.857
1.147
0.466
0.46
0.673
0.615
0.656
0.525
0.509
0.226
0.24
0.308
0.313
0.308
0.255
0.234
1.327
0.29
0.381
0.353
0.285
0.239
0.372
0.398
0.469
1.717
0.546
0.545
0.516
0.571
0.629
0.579
0.471
0.261
0.241
0.248
0.333
0.32
0.287
0.25
1.348
0.249
0.307
0.324
0.314
0.318
0.398
0.314
1.466
0.853
0.689
0.616
0.629
0.714
0.63
0.705
0.71
0.534
0.446
0.385
0.428
0.452
0.488
0.399
0.343
0.343
0.475
0.478
0.61
1.219
0.663
0.381
0.416
0.597
0.609
0.655
0.727
2.0780001
1.6670001
0.539
1.204
0.324
