0.065
0.072
0.125
0.085
0.092
0.056
0.075
0.07
0.049
0.067
0.072
0.051
0.122
0.206
0.098
0.155
0.317
0.162
0.197
0.214
0.248
0.447
0.269
0.234
0.427
0.254
0.292
0.433
0.4
0.43
0.45
0.431
0.469
0.403
0.436
0.436
0.584
0.243
0.255
0.353
0.427
0.437
0.464
0.608
0.597
1.277
0.454
0.174
0.455
0.065
0.057
0.073
0.058
0.058
0.071
0.06
0.056
0.072
0.056
0.064
0.132
0.184
0.137
0.319
0.463
0.406
0.409
0.401
0.444
0.101
0.055
0.082
0.071
0.061
0.083
0.066
0.069
0.143
0.204
0.196
0.174
0.334
0.272
0.153
0.101
0.18
0.336
0.412
0.351
0.395
0.525
0.339
0.371
0.453
0.204
0.071
0.075
0.077
0.058
0.082
0.069
0.061
0.077
0.064
0.054
0.076
0.065
0.057
0.121
0.128
0.108
0.291
0.205
0.264
0.177
0.204
0.095
0.088
0.075
0.116
0.174
0.148
0.154
0.109
0.054
0.333
0.192
0.227
0.442
0.522
0.372
0.348
0.378
0.307
0.366
0.395
0.327
0.53
0.441
0.53
1.087
0.531
0.519
0.095
0.075
0.064
0.06
0.074
0.071
0.058
0.071
0.069
0.06
0.06
0.072
0.074
0.094
0.105
0.101
0.068
0.25
0.235
0.168
0.987
0.577
0.248
0.214
0.207
0.85
1.242
0.767
0.29
0.238
0.465
0.301
0.273
0.417
0.532
0.276
0.24
0.244
0.602
0.578
0.291
0.292
0.251
0.26
0.432
0.693
0.472
0.679
0.1
0.095
0.085
0.058
0.07
0.07
0.056
0.079
0.053
0.073
0.064
0.06
0.078
0.091
0.301
0.345
0.153
0.122
0.109
0.714
0.301
0.795
0.455
0.436
0.493
0.381
0.376
1.2029999
0.687
0.49
0.43
0.369
0.376
0.366
0.297
0.322
0.467
0.384
0.494
0.76
0.815
0.371
0.249
0.253
0.399
0.757
0.666
0.289
0.501
0.069
0.064
0.078
0.045
0.107
0.106
0.093
0.091
0.051
0.077
0.065
0.06
0.112
0.055
0.075
0.197
0.075
0.123
0.225
0.218
0.17
0.541
0.261
0.284
0.32
0.41
1.031
0.706
0.336
0.341
0.286
0.334
0.471
0.622
0.473
0.753
0.824
0.827
0.765
0.879
0.516
0.439
0.517
0.552
0.448
0.33
0.093
0.098
0.067
0.076
0.062
0.066
0.074
0.053
0.079
0.06
0.066
0.071
0.131
0.08
0.131
0.254
0.191
0.176
0.284
0.29
0.311
0.551
0.505
0.435
0.395
0.342
0.223
0.08
0.073
0.126
0.251
0.231
0.288
0.241
0.331
0.306
0.233
0.303
0.232
0.273
0.283
0.322
0.389
0.339
0.463
0.329
0.669
0.469
0.095
0.497
0.082
0.054
0.08
0.061
0.064
0.078
0.055
0.08
0.055
0.069
0.067
0.058
0.154
0.132
0.168
0.185
0.339
0.116
0.234
0.279
0.504
0.316
0.338
0.361
0.126
0.06
0.093
0.08
0.069
0.081
0.236
0.136
0.105
0.236
0.278
0.195
0.225
0.565
0.583
0.583
0.431
0.282
0.368
0.375
0.376
0.512
0.641
0.526
0.119
0.447
0.058
0.08
0.058
0.068
0.07
0.056
0.079
0.049
0.075
0.063
0.1
0.12
0.077
0.13
0.171
0.37
0.254
0.352
0.466
0.516
0.336
0.361
0.336
0.378
0.338
0.364
0.376
0.358
0.411
0.35
0.476
0.331
0.348
0.41
0.423
0.424
0.365
0.394
0.5
0.31
0.417
0.482
0.506
0.423
0.479
0.35
0.067
0.099
0.103
0.092
0.091
0.05
0.073
0.068
0.052
0.074
0.06
0.065
0.158
0.206
0.271
0.113
0.159
0.19
0.306
0.234
0.334
0.518
0.688
0.327
0.529
0.357
0.363
0.344
0.325
0.33
0.307
0.393
0.634
0.405
0.589
0.327
0.565
0.352
0.28
0.329
0.248
0.237
0.252
0.441
0.361
0.339
0.392
0.917
0.642
0.638
0.425
0.313
0.088
0.063
0.079
0.047
0.076
0.054
0.07
0.064
0.169
0.078
0.092
0.213
0.128
0.107
0.779
0.106
0.129
0.237
0.105
0.151
0.127
0.665
0.633
0.144
0.153
0.102
0.125
0.113
0.187
0.34
0.138
0.249
0.204
0.414
0.152
0.667
0.538
0.343
0.37
0.459
0.539
0.861
0.53
0.147
0.451
0.108
0.049
0.081
0.05
0.073
0.065
0.062
0.072
0.05
0.076
0.047
0.113
0.234
0.068
0.172
0.089
0.164
0.098
0.14
0.168
0.201
0.18
0.171
0.587
0.706
0.568
0.343
0.201
0.219
0.398
0.311
0.678
0.587
0.31
0.716
0.815
0.674
0.673
0.812
0.592
0.92
0.83
1.531
1.806
1.414
0.914
0.126
0.089
0.08
0.058
0.068
0.075
0.049
0.077
0.063
0.061
0.076
0.046
0.074
0.09
0.097
0.111
0.061
0.338
0.326
0.293
0.139
0.123
0.246
0.606
0.723
0.548
0.597
0.923
0.735
0.492
0.296
0.296
0.141
0.131
0.28
0.302
0.35
0.308
0.344
0.492
1.107
0.666
0.498
0.486
1.029
0.753
0.359
0.617
0.344
0.091
0.089
0.159
0.083
0.095
0.074
0.068
0.056
0.078
0.055
0.071
0.069
0.097
0.232
0.382
0.228
0.197
0.222
0.358
0.37
0.59
0.523
0.477
0.504
1.16
0.685
0.38
0.649
0.385
0.35
0.424
0.497
0.63
0.473
0.398
0.16
0.149
0.177
0.215
0.303
0.235
0.392
0.25
0.261
0.303
0.504
0.252
0.055
0.082
0.056
0.078
0.062
0.064
0.059
0.062
0.069
0.055
0.071
0.046
0.076
0.09
0.286
0.239
0.295
0.189
0.166
0.15
0.154
0.178
0.389
0.23
0.306
0.509
0.458
0.464
0.316
0.261
0.178
0.493
0.61
0.4
0.668
0.329
0.27
0.195
0.215
0.701
0.325
0.469
0.454
0.45
0.669
0.517
0.492
0.417
0.089
0.079
0.054
0.083
0.051
0.072
0.06
0.061
0.071
0.048
0.096
0.046
0.089
0.157
0.131
0.147
0.254
0.227
0.049
0.08
0.049
0.078
0.054
0.076
0.077
0.275
0.197
0.354
0.184
0.164
0.581
0.315
0.41
0.544
0.329
0.27
0.287
0.315
0.347
0.373
0.456
0.429
0.417
0.564
0.391
0.509
0.303
0.114
0.081
0.055
0.07
0.095
0.144
0.086
0.091
0.054
0.071
0.07
0.051
0.066
0.091
0.081
0.1
0.121
0.121
0.305
0.329
0.091
0.12
0.065
0.052
0.362
0.812
0.231
0.243
0.24
0.651
0.354
0.318
0.507
0.456
0.33
0.313
0.264
0.311
0.262
0.692
0.652
0.771
0.459
0.231
0.368
0.264
0.226
0.905
0.54
0.09
0.472
0.057
0.061
0.071
0.049
0.065
0.071
0.07
0.069
0.065
0.048
0.075
0.096
0.066
0.194
0.091
0.144
0.093
0.105
0.076
0.077
0.132
0.171
0.274
0.702
0.332
0.18
0.161
0.183
0.148
0.097
0.117
0.155
0.129
0.142
0.162
0.155
0.168
0.377
0.732
0.412
0.352
0.357
0.406
0.319
0.292
0.217
0.094
0.178
0.079
0.081
0.073
0.06
0.078
0.075
0.057
0.073
0.077
0.054
0.071
0.11
0.06
0.068
0.076
0.254
0.109
0.107
0.915
0.146
0.185
0.323
0.375
0.246
0.26
0.282
0.327
0.415
0.276
0.349
0.309
0.493
0.49
0.637
0.75
0.929
0.87
0.838
0.924
0.473
0.48
0.493
0.715
0.935
0.439
0.4
0.277
0.055
0.07
0.072
0.127
0.086
0.092
0.062
0.077
0.073
0.061
0.058
0.074
0.118
0.224
0.209
0.228
0.81
0.271
0.437
0.359
0.438
0.477
0.642
0.64
0.732
0.588
0.292
0.376
0.294
0.164
0.242
0.231
0.39
0.425
0.441
0.472
0.4
0.426
0.857
0.35
0.348
0.672
0.642
0.456
0.31
0.208
0.107
0.083
0.056
0.068
0.075
0.053
0.07
0.071
0.05
0.074
0.064
0.055
0.098
0.108
0.126
0.126
0.116
0.182
0.188
0.286
0.362
0.276
0.22
0.053
0.072
0.061
0.057
0.073
0.053
0.067
0.075
0.068
0.107
0.225
0.109
0.201
0.219
0.463
0.675
0.555
0.488
0.537
0.633
0.356
0.386
0.504
0.737
0.415
0.137
0.454
0.066
0.062
0.077
0.062
0.063
0.077
0.057
0.063
0.074
0.058
0.061
0.073
0.212
0.135
0.297
0.183
0.109
0.178
0.176
0.167
0.276
0.182
0.521
0.186
0.188
0.163
0.162
0.287
0.159
0.216
0.089
0.09
0.199
0.12
0.176
0.174
0.345
0.189
0.223
0.168
0.153
0.293
0.446
0.795
0.622
0.52
0.458
0.08
0.079
0.07
0.055
0.076
0.071
0.053
0.074
0.065
0.051
0.07
0.063
0.056
0.252
0.101
0.222
0.299
0.216
0.13
0.07
0.066
0.056
0.181
0.068
0.138
0.132
0.118
0.082
0.107
0.197
0.077
0.154
0.151
0.261
0.159
0.16
0.266
0.696
0.585
0.899
0.659
0.374
0.384
0.368
0.542
0.572
0.64
0.737
0.139
0.455
0.079
0.064
0.059
0.09
0.106
0.089
0.083
0.058
0.053
0.069
0.064
0.228
0.215
0.173
0.178
0.584
0.355
0.135
0.159
0.156
0.208
0.233
0.19
0.313
0.241
0.409
0.444
0.445
0.413
0.406
0.552
0.424
0.391
0.465
0.462
0.394
0.351
0.398
0.349
0.421
0.428
0.605
0.452
0.801
0.564
0.475
0.205
0.069
0.145
0.048
0.135
0.094
0.049
0.102
0.093
0.07
0.092
0.143
0.224
0.213
0.143
0.348
0.812
0.211
0.324
0.428
0.261
0.307
0.338
1.465
0.515
0.712
0.468
0.409
0.32
0.323
0.286
0.304
0.545
0.825
0.633
0.36
0.33
0.35
0.577
0.372
0.508
0.488
0.519
0.595
1.541
1.026
0.296
0.724
0.218
0.291
0.192
0.259
0.166
0.237
0.204
0.178
0.21
0.252
0.156
0.186
0.409
0.212
0.271
0.378
0.853
0.559
0.302
0.372
0.359
0.304
0.356
0.329
0.471
0.866
0.481
0.378
0.356
0.323
0.374
0.338
0.667
0.484
0.343
0.383
0.338
0.622
0.743
0.627
0.715
0.488
0.476
0.595
0.581
0.966
0.377
0.212
0.214
0.574
0.164
0.186
0.144
0.172
0.168
0.167
0.179
0.183
0.336
0.222
0.365
0.27
0.343
0.866
0.29
0.398
0.369
0.28
0.222
0.244
0.659
0.345
0.225
0.194
0.238
0.246
0.171
0.164
0.199
0.26
0.826
0.489
0.196
0.394
1.1210001
0.995
1.247
1.158
0.511
0.267
0.383
0.312
0.396
0.924
0.453
0.143
0.638
0.201
0.119
0.168
0.157
0.172
0.176
0.16
0.164
0.153
0.142
0.197
0.161
0.265
0.383
0.23
0.278
0.102
0.212
0.09
0.236
0.13
0.126
0.208
0.086
0.243
0.243
0.248
0.256
0.372
0.325
0.278
0.278
0.225
0.252
0.247
0.282
0.348
0.65
0.908
0.756
0.943
0.733
0.556
0.558
0.434
0.162
0.084
0.106
0.075
0.063
0.078
0.053
0.067
0.069
0.05
0.073
0.058
0.06
0.072
0.049
0.102
0.104
0.138
0.148
0.178
0.318
0.083
0.067
0.127
0.077
0.09
0.061
0.076
0.069
0.054
0.074
0.073
0.052
0.102
0.083
0.368
0.322
0.411
0.399
0.419
0.544
0.432
0.382
0.328
0.451
0.469
0.623
0.867
0.458
0.19
0.444
0.064
0.064
0.077
0.126
0.083
0.093
0.055
0.071
0.072
0.053
0.065
0.075
0.127
0.226
0.18
0.133
0.36
0.204
0.288
0.364
0.449
0.41
0.063
0.061
0.076
0.073
0.286
0.318
0.321
0.355
0.449
0.443
0.484
0.394
0.415
0.47
0.486
0.616
1.273
0.635
0.448
0.516
0.609
0.747
0.552
0.321
0.119
0.132
0.069
0.05
0.073
0.067
0.052
0.076
0.069
0.055
0.071
0.067
0.05
0.111
0.129
0.151
0.2
0.162
0.698
0.182
0.703
0.394
0.43
0.491
0.389
0.309
0.073
0.071
0.136
0.4
0.373
0.405
0.41
0.38
0.364
0.401
0.33
0.321
0.36
0.37
0.357
0.427
0.429
0.483
0.627
0.559
0.544
0.859
0.188
0.085
