0.128
0.114
0.276
0.183
0.217
0.197
0.194
0.224
0.24
0.25
0.313
0.582
0.586
0.66
0.619
0.346
0.134
0.088
0.121
0.146
0.239
0.132
0.124
0.133
0.243
0.257
0.123
0.202
0.198
0.515
0.647
0.619
0.433
0.419
0.455
0.386
0.483
0.471
0.435
0.614
1.706
1.252
0.987
1.7359999
1.266
1.312
0.96
0.464
0.229
0.183
0.124
0.211
0.223
0.168
0.246
0.208
0.189
0.195
0.317
0.645
0.635
0.622
2.1570001
0.603
0.191
0.145
0.129
0.099
0.088
0.146
0.175
0.152
0.191
0.096
0.193
0.112
0.242
0.559
0.595
0.37
0.351
0.377
0.387
0.381
0.364
0.346
0.317
0.363
0.357
0.37
0.341
0.319
0.214
0.138
0.16
0.285
0.344
0.191
0.195
0.254
0.316
0.306
0.182
0.279
0.308
0.232
0.492
0.657
0.608
0.519
0.677
0.345
0.146
0.107
0.092
0.143
0.145
0.261
0.105
0.105
0.179
0.146
0.236
0.137
0.187
0.516
0.587
0.5
0.462
0.395
0.419
0.36
0.331
0.435
0.404
0.354
0.389
0.34
0.352
0.558
1.094
0.51
0.959
0.63
0.587
0.589
0.32
0.15
0.152
0.113
0.101
0.093
0.224
0.157
0.392
0.598
0.571
0.43
0.371
0.707
0.85
0.539
0.993
0.339
0.873
0.47
0.285
0.288
0.301
0.261
0.23
0.289
0.278
0.325
0.252
0.324
0.359
0.361
0.289
0.341
0.259
0.377
0.446
0.49
0.67
0.565
1.432
0.756
0.666
0.497
0.469
0.454
0.442
0.735
0.545
0.147
0.146
0.103
0.097
0.099
0.155
0.229
0.316
0.596
0.263
0.373
0.335
0.307
0.258
0.537
0.649
1.568
0.981
1.281
0.616
0.698
1.257
0.488
0.436
0.438
0.45
0.545
0.496
0.47
1.197
0.526
1.978
1.6109999
1.794
1.2410001
0.945
0.335
0.476
0.528
0.612
0.641
0.571
0.506
0.458
0.705
0.419
0.484
0.101
0.093
0.152
0.155
0.151
0.141
0.113
0.102
0.273
0.586
0.287
0.546
0.376
0.727
1.176
0.209
0.859
0.137
0.136
0.174
0.161
0.188
0.446
0.351
0.322
0.211
0.212
0.623
0.411
0.224
0.323
0.202
0.217
0.25
0.249
0.396
0.483
0.491
0.482
0.468
0.495
0.525
0.471
0.42
0.386
0.222
0.155
0.154
0.126
0.095
0.098
0.105
0.157
0.143
0.131
0.099
0.278
0.573
0.371
0.377
0.299
0.174
0.132
0.093
0.138
0.147
0.146
0.172
0.151
0.145
0.086
0.096
0.096
0.109
0.15
0.58
0.422
0.25
0.269
0.262
0.25
0.266
0.232
0.361
0.437
0.418
0.495
0.487
0.724
0.737
0.694
0.631
0.533
0.1
0.099
0.113
0.146
0.149
0.146
0.091
0.093
0.095
0.123
0.145
0.327
0.62
0.244
0.296
0.366
0.276
0.181
0.138
0.132
0.136
0.091
0.121
0.112
0.119
0.141
0.143
0.135
0.137
0.141
0.567
0.459
0.259
0.274
0.23
0.229
0.222
0.217
0.313
0.278
0.231
0.306
0.696
0.671
0.682
0.581
0.347
0.102
0.132
0.15
0.15
0.15
0.093
0.098
0.101
0.113
0.156
0.152
0.186
0.274
0.582
0.299
0.494
0.356
0.225
0.127
0.083
0.091
0.135
0.14
0.177
0.143
0.108
0.09
0.088
0.15
0.206
0.139
0.569
0.525
0.24
0.288
0.274
0.323
0.318
0.297
0.331
0.528
0.568
0.577
0.617
0.692
0.721
0.634
0.53
0.487
0.094
0.155
0.158
0.141
0.125
0.099
0.095
0.139
0.233
0.15
0.237
0.271
0.582
0.372
0.5
1.575
0.802
0.347
0.158
0.129
0.142
0.164
0.226
0.228
0.179
0.17
0.204
0.214
0.148
0.266
0.611
0.671
0.54
0.509
0.474
0.409
0.455
0.407
0.399
0.449
0.427
0.438
0.448
0.444
0.408
0.259
0.143
0.344
0.168
0.151
0.133
0.09
0.099
0.094
0.22
0.15
0.223
0.098
0.186
0.269
0.635
0.625
0.555
0.407
0.435
0.411
0.432
0.533
0.73
1.801
0.836
0.412
1.594
0.966
0.936
0.539
0.874
1.08
0.759
0.641
0.203
0.272
0.268
0.294
0.278
0.228
0.28
0.238
0.271
0.323
0.305
0.308
0.258
0.196
0.101
0.133
0.476
0.368
0.1
0.109
0.096
0.146
0.234
0.15
0.197
0.092
0.199
0.291
0.636
0.423
0.37
0.247
0.311
0.294
0.487
0.322
0.434
0.275
0.297
0.272
0.277
0.304
0.31
0.275
0.263
0.25
0.292
0.383
0.362
0.374
0.303
0.31
0.3
0.336
0.645
0.492
0.468
0.414
0.536
0.719
0.729
0.627
0.618
0.209
0.111
0.096
0.148
0.151
0.153
0.134
0.095
0.186
0.094
0.246
0.146
0.417
0.602
0.319
0.465
0.724
0.308
0.174
0.131
0.097
0.084
0.12
0.255
0.186
0.142
0.195
0.097
0.173
0.148
0.267
0.582
0.634
0.584
0.448
0.436
0.497
0.461
0.468
0.528
0.403
0.539
0.841
0.88
0.989
0.942
0.796
0.618
0.615
0.33
0.142
0.156
0.145
0.106
0.216
0.101
0.217
0.247
0.154
0.199
0.387
0.693
0.571
0.518
0.349
0.288
0.127
0.094
0.097
0.143
0.15
0.171
0.136
0.108
0.097
0.121
0.182
0.202
0.119
0.535
0.53
0.269
0.356
0.348
0.302
0.28
0.27
0.555
0.529
0.601
0.611
0.546
0.566
0.745
0.715
0.668
0.633
0.371
0.264
0.185
0.142
0.211
0.274
0.165
0.235
0.213
0.113
0.203
0.395
0.638
0.544
0.373
0.797
0.714
0.865
0.154
0.142
0.098
0.202
0.136
0.191
0.248
0.168
0.208
0.21
0.208
0.137
0.593
0.654
0.362
0.365
0.342
0.314
0.383
0.39
0.378
0.33
0.328
0.295
0.343
0.376
0.383
0.222
0.108
0.108
0.115
0.45
0.348
0.266
0.119
0.208
0.143
0.227
0.245
0.225
0.188
0.337
0.581
0.565
0.429
1.031
0.924
0.233
0.148
0.098
0.156
0.223
0.189
0.123
0.106
0.234
0.141
0.243
0.255
0.118
0.542
0.587
0.54
0.468
0.457
0.441
0.388
0.372
0.405
0.392
0.382
0.362
0.736
1.505
2.313
1.26
1.312
0.708
0.69
0.634
0.59
0.552
0.56
0.589
0.583
0.549
0.883
0.321
0.116
0.338
0.65
0.563
0.399
0.369
0.276
0.165
0.743
0.77
0.293
0.699
0.998
0.483
0.559
1.698
0.876
0.731
0.112
0.096
0.582
0.578
0.386
0.386
0.307
0.337
0.335
0.89
0.897
1.114
0.707
1.427
1.395
3.0239999
1.153
1.002
0.765
0.695
0.837
0.643
0.172
0.159
0.159
0.095
0.107
0.174
0.147
0.266
0.147
0.414
0.581
0.585
0.515
0.502
0.561
0.866
0.635
0.939
0.469
0.538
0.482
1.0930001
0.492
1.288
0.81
0.931
1.002
0.884
0.64
0.578
0.737
0.256
0.247
0.278
0.297
0.936
1.7180001
0.635
0.241
0.283
0.324
0.392
0.362
0.363
0.273
0.243
0.232
0.241
0.214
0.146
0.156
0.115
0.105
0.108
0.115
0.164
0.173
0.399
0.577
0.301
0.339
0.291
0.346
0.314
0.272
0.388
1.03
0.619
0.518
0.615
0.394
1.067
1.199
0.298
0.277
0.309
0.307
0.3
0.334
0.361
0.349
0.348
0.352
1.247
0.982
0.858
0.481
0.529
0.598
1.227
0.774
0.714
0.448
0.882
0.805
0.16
0.158
0.12
0.106
0.106
0.106
0.162
0.158
0.146
0.131
0.281
0.773
0.449
0.511
0.507
0.257
0.147
0.1
0.1
0.108
0.153
0.176
0.18
0.155
0.086
0.098
0.099
0.149
0.151
0.569
0.568
0.283
0.214
0.281
0.253
0.306
0.308
0.308
0.289
0.287
0.273
0.435
0.644
0.643
0.534
0.485
0.299
0.155
0.138
0.151
0.154
0.091
0.099
0.099
0.108
0.156
0.155
0.186
0.32
0.58
0.489
0.474
0.317
0.256
0.184
0.135
0.108
0.093
0.089
0.162
0.176
0.149
0.144
0.094
0.097
0.117
0.217
0.584
0.536
0.299
0.275
0.25
0.263
0.274
0.317
0.461
0.406
0.428
0.383
0.411
1.9859999
0.902
0.71
0.643
0.563
0.557
0.519
0.218
0.264
0.244
0.257
0.295
0.205
0.29
0.208
0.35
0.422
0.73
0.455
0.498
0.328
0.228
0.189
0.14
0.111
0.088
0.097
0.154
0.182
0.179
0.128
0.099
0.119
0.207
0.131
0.581
0.573
0.277
0.282
0.257
0.293
0.333
0.334
0.349
0.289
0.258
0.245
0.7
0.781
0.784
0.742
0.291
0.103
0.109
0.157
0.157
0.164
0.202
0.207
0.1
0.239
0.156
0.219
0.193
0.321
0.585
0.455
0.578
0.422
0.309
0.142
0.088
0.099
0.101
0.156
0.265
0.17
0.123
0.135
0.088
0.232
0.256
0.152
0.596
0.553
0.264
0.33
0.353
0.339
0.334
0.279
0.507
0.977
1.017
0.699
0.992
1.304
0.763
0.728
1.158
0.713
0.594
0.211
0.18
0.299
0.184
0.273
0.267
0.136
0.214
0.202
0.109
0.352
0.647
0.531
0.321
0.319
0.248
0.141
0.325
0.261
0.21
0.327
0.297
0.512
0.342
0.234
0.236
0.206
0.097
0.17
0.541
0.651
0.351
0.368
0.316
0.329
0.457
0.269
0.449
0.437
0.536
0.696
0.727
0.584
0.636
0.644
0.585
0.55
0.285
0.106
0.151
0.154
0.187
0.195
0.22
0.1
0.2
0.234
0.238
0.334
0.596
0.547
0.329
0.352
0.383
0.401
0.333
0.276
0.295
0.481
0.422
0.442
0.389
0.755
1.375
1.2869999
0.762
0.913
0.866
0.76
0.494
0.256
0.328
0.324
0.521
0.407
0.423
1.65
1.376
0.692
0.424
0.395
0.517
1.124
0.607
1.159
0.435
0.335
0.286
0.111
0.1
0.153
0.251
0.163
0.205
0.146
0.166
0.298
0.654
0.475
0.356
0.277
0.325
0.403
0.329
0.357
0.337
0.309
0.306
0.288
0.291
0.334
0.342
0.3
0.276
0.267
0.312
0.395
0.376
0.532
0.538
0.307
0.294
0.315
0.376
0.573
0.422
0.452
0.456
0.535
0.537
0.508
0.221
0.116
0.107
0.097
0.152
0.156
0.145
0.116
0.102
0.1
0.139
0.148
0.233
0.31
0.584
0.297
0.335
0.466
0.311
0.288
0.182
0.21
0.174
0.177
0.177
0.183
0.148
0.118
0.098
0.095
0.105
0.152
0.572
0.506
0.273
0.283
0.275
0.292
0.268
0.279
0.287
0.226
0.204
0.26
0.281
0.289
0.283
0.37
0.422
0.411
0.441
0.306
0.15
0.154
0.108
0.097
0.108
0.15
0.155
0.158
0.131
0.291
0.597
0.477
0.53
0.356
0.267
0.164
0.089
0.096
0.111
0.141
0.185
0.179
0.128
0.096
0.086
0.102
0.154
0.183
0.606
0.533
0.268
0.306
0.292
0.317
0.319
0.331
0.478
0.397
0.427
0.393
0.474
0.611
0.777
0.683
0.573
0.61
0.492
0.249
0.251
0.247
0.189
0.125
0.134
0.201
0.247
0.168
0.235
0.295
0.607
0.43
0.422
0.491
1.7309999
0.348
0.698
0.113
0.158
0.167
0.182
0.168
0.111
0.116
0.132
0.252
0.168
0.242
0.565
0.517
0.304
0.295
0.383
0.352
0.338
0.313
0.298
0.3
0.353
0.342
0.868
2.1619999
1.154
0.845
0.679
0.339
0.178
0.164
0.173
0.121
0.123
0.198
0.152
0.281
0.166
0.19
0.236
0.308
0.589
0.421
0.414
0.633
0.895
0.16
0.086
0.098
0.142
0.148
0.17
0.157
0.114
0.097
0.193
0.155
0.233
0.148
0.551
0.567
0.253
0.331
0.34
0.339
0.329
0.303
0.309
0.287
0.284
0.314
0.325
0.341
0.902
0.668
0.502
0.463
0.17
0.166
0.162
0.114
0.115
0.2
0.208
0.222
0.214
0.25
0.104
0.424
0.591
0.413
0.544
1.115
0.667
0.255
0.109
0.12
0.14
0.15
0.169
0.143
0.109
0.097
0.203
0.153
0.224
0.144
0.56
0.513
0.252
0.306
0.344
0.298
0.313
0.285
0.342
0.318
0.281
0.287
0.24
0.434
0.544
0.984
0.994
0.573
0.725
