0.059
0.024
0.041
0.076
0.054
0.029
0.033
0.069
0.072
0.031
0.03
0.032
0.067
0.128
0.139
0.072
0.144
0.096
0.068
0.086
0.044
0.09
0.105
0.077
0.048
0.058
0.094
0.184
0.046
0.166
0.084
0.09
0.049
0.053
0.094
0.068
0.057
0.089
0.161
0.337
0.409
0.128
0.119
0.112
0.119
0.081
0.084
0.037
0.046
0.072
0.025
0.052
0.072
0.039
0.024
0.071
0.061
0.037
0.025
0.056
0.074
0.092
0.07
0.243
0.111
0.071
0.043
0.081
0.051
0.103
0.113
0.139
0.062
0.095
0.075
0.051
0.099
0.093
0.063
0.099
0.064
0.084
0.199
0.073
0.109
0.04
0.092
0.101
0.072
0.085
0.111
0.116
0.117
0.119
0.059
0.059
0.068
0.038
0.023
0.081
0.048
0.037
0.027
0.088
0.044
0.035
0.029
0.073
0.065
0.077
0.134
0.174
0.086
0.035
0.037
0.107
0.118
0.029
0.088
0.107
0.064
0.104
0.16
0.175
0.082
0.139
0.078
0.058
0.078
0.098
0.144
0.115
0.048
0.034
0.081
0.068
0.087
0.075
0.122
0.109
0.095
0.087
0.059
0.087
0.038
0.042
0.042
0.093
0.043
0.044
0.043
0.091
0.037
0.043
0.051
0.089
0.038
0.088
0.098
0.121
0.225
0.041
0.101
0.039
0.116
0.213
0.276
0.074
0.136
0.054
0.043
0.074
0.045
0.04
0.094
0.094
0.05
0.177
0.074
0.186
0.095
0.153
0.094
0.091
0.07
0.056
0.112
0.085
0.183
0.176
0.084
0.065
0.105
0.054
0.039
0.068
0.07
0.033
0.04
0.071
0.058
0.037
0.027
0.089
0.045
0.089
0.07
0.101
0.06
0.102
0.141
0.063
0.109
0.045
0.09
0.132
0.147
0.161
0.048
0.075
0.092
0.063
0.032
0.071
0.06
0.032
0.119
0.127
0.05
0.162
0.119
0.123
0.134
0.177
0.132
0.105
0.129
0.065
0.038
0.097
0.075
0.04
0.078
0.025
0.052
0.072
0.035
0.037
0.08
0.046
0.025
0.231
0.042
0.078
0.081
0.213
0.053
0.074
0.044
0.123
0.113
0.11
0.066
0.095
0.055
0.067
0.085
0.055
0.081
0.08
0.044
0.101
0.055
0.131
0.134
0.079
0.097
0.085
0.082
0.111
0.091
0.222
0.13
0.091
0.138
0.076
0.061
0.05
0.049
0.074
0.025
0.074
0.044
0.036
0.081
0.027
0.055
0.063
0.038
0.037
0.085
0.023
0.141
0.261
0.05
0.037
0.082
0.059
0.16
0.082
0.06
0.099
0.064
0.155
0.082
0.06
0.095
0.061
0.07
0.091
0.065
0.087
0.233
0.203
0.088
0.102
0.279
0.271
0.189
0.12
0.079
0.134
0.102
0.075
0.085
0.029
0.047
0.083
0.038
0.039
0.06
0.064
0.024
0.061
0.065
0.036
0.035
0.081
0.045
0.063
0.213
0.168
0.042
0.039
0.1
0.027
0.038
0.078
0.049
0.113
0.092
0.045
0.042
0.173
0.074
0.059
0.092
0.141
0.056
0.078
0.069
0.042
0.106
0.145
0.144
0.201
0.223
0.194
0.197
0.1
0.081
0.136
0.06
0.031
0.088
0.032
0.035
0.079
0.04
0.037
0.059
0.076
0.023
0.038
0.063
0.076
0.023
0.088
0.093
0.25
0.031
0.036
0.08
0.042
0.034
0.065
0.219
0.044
0.124
0.065
0.074
0.098
0.087
0.155
0.086
0.1
0.041
0.036
0.088
0.148
0.049
0.09
0.158
0.128
0.158
0.147
0.097
0.106
0.139
0.108
0.023
0.049
0.073
0.043
0.026
0.046
0.079
0.042
0.029
0.03
0.078
0.058
0.031
0.028
0.048
0.127
0.091
0.15
0.155
0.081
0.044
0.019
0.039
0.067
0.038
0.017
0.031
0.078
0.084
0.035
0.05
0.055
0.092
0.043
0.031
0.016
0.069
0.049
0.03
0.016
0.057
0.062
0.029
0.016
0.039
0.066
0.043
0.018
0.028
0.06
0.064
0.019
0.027
0.031
0.076
0.037
0.026
0.021
0.052
0.07
0.038
0.021
0.025
0.036
0.073
0.051
0.025
0.02
0.025
0.057
0.073
0.03
0.027
0.02
0.032
0.068
0.07
0.017
0.028
0.017
0.04
0.067
0.059
0.017
0.028
0.016
0.061
0.063
0.049
0.016
0.029
0.015
0.057
0.065
0.049
0.016
0.029
0.016
0.051
0.065
0.062
0.017
0.029
0.017
0.029
0.049
0.078
0.046
0.028
0.018
0.024
0.022
0.025
0.076
0.064
0.048
0.016
0.029
0.016
0.031
0.066
0.095
0.074
0.049
0.035
0.045
0.016
0.051
0.065
0.07
0.015
0.028
0.016
0.032
0.215
0.154
0.074
0.154
0.059
0.11
0.104
0.079
0.066
0.041
0.026
0.086
0.05
0.04
0.049
0.04
0.057
0.082
0.023
0.032
0.019
0.052
0.068
0.055
0.019
0.082
0.145
0.209
0.087
0.036
0.033
0.082
0.101
0.084
0.152
0.058
0.133
0.095
0.074
0.067
0.052
0.18
0.109
0.361
0.17
0.179
0.218
0.2
0.18
0.069
0.091
0.241
0.208
0.102
0.109
0.109
0.116
0.153
0.097
0.052
0.029
0.039
0.029
0.088
0.069
0.053
0.022
0.035
0.023
0.066
0.073
0.073
0.023
0.085
0.151
0.129
0.184
0.048
0.044
0.046
0.07
0.165
0.044
0.084
0.068
0.151
0.075
0.043
0.109
0.203
0.174
0.151
0.094
0.157
0.183
0.06
0.133
0.144
1.302
1.449
1.428
1.355
1.276
0.547
0.083
0.078
0.14
0.08
0.035
0.022
0.036
0.061
0.083
0.027
0.036
0.022
0.036
0.058
0.083
0.055
0.035
0.073
0.086
0.064
0.089
0.153
0.141
0.167
0.07
0.041
0.099
0.079
0.049
0.038
0.054
0.051
0.105
0.089
0.052
0.045
0.051
0.046
0.156
0.123
0.119
0.081
0.185
0.226
0.244
0.131
0.116
0.118
0.068
0.069
0.056
0.049
0.076
0.065
0.029
0.027
0.032
0.025
0.075
0.071
0.05
0.022
0.035
0.022
0.035
0.118
0.19
0.109
0.129
0.024
0.071
0.061
0.038
0.026
0.098
0.074
0.128
0.028
0.142
0.154
0.141
0.104
0.081
0.136
0.061
0.072
0.171
0.049
0.081
0.077
0.037
0.022
0.168
0.107
0.087
0.152
0.128
0.079
0.038
0.083
0.051
0.035
0.034
0.083
0.06
0.036
0.031
0.06
0.078
0.045
0.03
0.037
0.058
0.134
0.138
0.173
0.175
0.118
0.132
0.186
0.156
0.15
0.092
0.061
0.128
0.162
0.119
0.062
0.062
0.077
0.155
0.101
0.074
0.097
0.17
0.065
0.059
0.08
0.101
0.075
0.047
0.063
0.056
0.083
0.146
0.095
0.043
0.029
0.036
0.051
0.08
0.084
0.031
0.041
0.032
0.163
0.1
0.035
0.031
0.026
0.034
0.078
0.134
0.109
0.156
0.04
0.051
0.151
0.106
0.062
0.053
0.112
0.089
0.04
0.039
0.05
0.099
0.105
0.108
0.09
0.072
0.111
0.076
0.135
0.229
0.199
0.063
0.138
0.162
0.119
0.138
0.136
0.08
0.131
0.087
0.026
0.046
0.073
0.074
0.024
0.039
0.057
0.061
0.024
0.037
0.074
0.05
0.025
0.037
0.127
0.182
0.025
0.116
0.065
0.087
0.13
0.432
0.429
0.105
0.066
0.121
0.097
0.05
0.104
0.046
0.056
0.092
0.067
0.042
0.175
0.089
0.069
0.297
0.098
0.063
0.067
0.168
0.055
0.088
0.117
0.088
0.049
0.079
0.047
0.026
0.063
0.064
0.037
0.023
0.078
0.052
0.037
0.022
0.083
0.051
0.033
0.028
0.129
0.128
0.116
0.056
0.086
0.136
0.023
0.05
0.075
0.131
0.078
0.086
0.031
0.059
0.087
0.122
0.085
0.053
0.057
0.111
0.104
0.07
0.218
0.298
0.193
0.086
0.093
0.11
0.131
0.089
0.074
0.111
0.078
0.055
0.07
0.051
0.022
0.052
0.072
0.042
0.023
0.059
0.072
0.036
0.027
0.053
0.078
0.038
0.081
0.082
0.196
0.1
0.136
0.066
0.057
0.022
0.067
0.059
0.036
0.044
0.161
0.049
0.085
0.07
0.04
0.19
0.393
0.077
0.111
0.1
0.179
0.121
0.039
0.054
0.063
0.041
0.054
0.113
0.101
0.165
0.113
0.041
0.058
0.066
0.036
0.024
0.076
0.049
0.037
0.024
0.088
0.042
0.036
0.022
0.085
0.047
0.084
0.073
0.124
0.154
0.124
0.035
0.117
0.085
0.198
0.177
0.258
0.127
0.036
0.051
0.062
0.075
0.038
0.114
0.212
0.22
0.096
0.084
0.135
0.177
0.072
0.175
0.225
0.149
0.061
0.126
0.132
0.095
0.096
0.069
0.03
0.029
0.079
0.067
0.041
0.027
0.05
0.073
0.052
0.023
0.035
0.041
0.084
0.049
0.084
0.072
0.176
0.1
0.085
0.084
0.036
0.032
0.085
0.161
0.114
0.059
0.07
0.214
0.214
0.195
0.228
0.37
0.175
0.059
0.052
0.073
0.23
0.084
0.09
0.082
0.141
0.125
0.073
0.061
0.102
0.12
0.112
0.082
0.06
0.026
0.075
0.073
0.039
0.028
0.033
0.027
0.075
0.074
0.045
0.026
0.034
0.025
0.092
0.121
0.119
0.144
0.047
0.123
0.09
0.088
0.125
0.039
0.273
0.295
0.057
0.03
0.031
0.027
0.034
0.22
0.119
0.079
0.089
0.069
0.089
0.114
0.098
0.038
0.047
0.041
0.094
0.088
0.042
0.119
0.086
0.033
0.053
0.079
0.051
0.031
0.027
0.031
0.028
0.029
0.07
0.074
0.074
0.12
0.031
0.025
0.082
0.073
0.09
0.115
0.188
0.027
0.1
0.221
0.292
0.235
0.242
0.162
0.149
0.053
0.097
0.086
0.052
0.109
0.048
0.103
0.183
0.201
0.118
0.087
0.151
0.104
0.072
0.114
0.11
0.088
0.113
0.064
0.082
0.086
0.04
0.021
0.074
0.056
0.035
0.024
0.073
0.066
0.032
0.11
0.057
0.077
0.039
0.031
0.075
0.113
0.112
0.072
0.049
0.138
0.042
0.113
0.079
0.199
0.046
0.056
0.09
0.166
0.053
0.078
0.085
0.045
0.065
0.088
0.08
0.119
0.305
0.058
0.197
0.103
0.068
0.122
0.083
0.098
0.188
0.095
0.116
0.064
0.035
0.068
0.047
0.023
0.085
0.033
0.037
0.07
0.05
0.031
0.053
0.074
0.022
0.036
0.118
0.092
0.09
0.137
0.044
0.032
0.134
0.116
0.084
0.174
0.096
0.061
0.115
0.058
0.066
0.096
0.049
0.072
0.082
0.151
0.075
0.083
0.045
0.077
0.123
0.097
0.156
0.154
0.168
0.097
0.099
0.122
0.071
0.073
0.054
0.031
0.064
0.056
0.038
0.027
0.089
0.037
0.037
0.042
0.082
0.038
0.028
0.053
0.122
0.16
0.089
0.092
0.042
0.036
0.054
0.143
0.084
0.057
0.09
0.091
0.203
0.157
0.213
0.149
0.134
0.079
0.098
0.087
0.038
0.089
0.04
0.082
0.182
0.068
0.083
0.076
0.107
0.063
0.121
0.075
0.114
0.05
0.052
0.055
0.035
0.074
0.035
0.045
0.073
0.037
0.028
0.085
0.026
0.036
0.064
0.058
0.072
0.097
0.11
0.136
0.118
0.103
0.033
0.039
0.236
0.208
0.208
0.202
0.169
0.023
0.145
0.266
0.038
0.077
0.032
0.046
0.079
0.053
0.139
0.106
0.11
0.235
0.252
0.234
0.097
0.124
0.103
0.118
0.1
0.026
0.085
0.034
0.033
0.077
0.043
0.039
0.065
0.073
0.023
0.037
0.129
0.075
0.022
0.036
0.116
0.117
0.065
0.072
0.143
0.12
0.03
0.089
0.097
0.064
0.121
0.081
0.075
0.035
0.049
0.072
0.127
0.273
0.276
0.084
0.059
0.158
0.163
0.155
0.098
0.263
0.369
0.315
0.122
0.136
0.08
0.086
0.068
0.079
0.03
0.03
0.056
0.074
0.04
0.024
0.045
0.072
0.06
0.023
0.036
0.131
0.076
0.024
0.084
0.071
0.138
0.176
0.044
0.066
0.201
0.251
0.209
0.158
0.143
0.057
0.095
0.229
0.195
0.213
0.178
0.085
0.091
0.049
0.102
0.059
0.09
0.164
0.154
0.297
0.283
0.05
0.087
0.109
0.092
0.11
0.082
0.024
0.071
