0.096
0.095
0.095
0.09
0.089
0.084
0.086
0.088
0.087
0.089
0.088
0.089
0.1
0.319
0.254
0.261
0.246
0.173
0.122
0.09
0.094
0.092
0.166
0.088
0.089
0.101
0.093
0.099
0.085
0.089
0.091
0.092
0.562
0.391
0.489
0.664
0.189
0.21
0.78
0.515
0.423
0.324
0.161
0.107
0.101
0.098
0.099
0.1
0.098
0.093
0.092
0.088
0.091
0.085
0.09
0.091
0.088
0.09
0.087
0.088
0.225
0.17
0.353
0.236
0.114
0.084
0.086
0.086
0.091
0.181
0.093
0.095
0.11
0.093
0.094
0.107
0.092
0.098
0.096
0.227
0.142
0.095
0.131
0.181
0.152
0.161
0.222
0.692
0.377
0.319
0.271
0.731
0.126
0.128
0.122
0.135
0.124
0.116
0.121
0.124
0.128
0.119
0.114
0.109
0.082
0.096
0.089
0.082
0.207
0.148
0.312
0.148
0.083
0.088
0.084
0.647
0.135
0.255
0.736
0.132
0.213
0.098
0.121
0.092
0.106
0.09
0.105
0.088
0.132
0.36
0.568
0.119
0.16
0.297
0.156
0.206
0.803
0.316
0.234
0.318
0.456
0.098
0.098
0.099
0.097
0.086
0.077
0.095
0.096
0.095
0.095
0.086
0.08
0.092
0.094
0.097
0.254
0.18
0.157
0.121
0.089
0.095
0.128
0.099
0.335
0.118
0.083
0.169
0.188
0.156
0.175
0.153
0.186
0.189
0.183
0.117
0.166
0.293
0.249
0.232
0.113
0.163
0.146
0.206
0.231
0.243
0.136
0.104
0.112
0.111
0.11
0.093
0.09
0.107
0.106
0.105
0.089
0.097
0.106
0.105
0.097
0.091
0.103
0.105
0.107
0.236
0.131
0.152
0.425
0.684
0.982
0.212
0.092
0.1
0.088
0.144
0.133
0.079
0.096
0.088
0.093
0.081
0.083
0.094
0.089
0.094
0.078
0.085
0.092
0.094
0.095
0.137
0.148
0.153
0.155
0.147
0.085
0.092
0.09
0.095
0.086
0.083
0.097
0.094
0.098
0.083
0.089
0.098
0.092
0.095
0.079
0.095
0.094
0.092
0.093
0.127
0.101
0.089
0.091
0.076
0.088
0.094
0.088
0.085
0.078
0.093
0.096
0.092
0.082
0.083
0.094
0.091
0.092
0.08
0.083
0.093
0.089
0.093
0.078
0.141
0.152
0.153
0.154
0.139
0.11
0.213
0.147
0.095
0.102
0.091
0.081
0.103
0.102
0.103
0.088
0.092
0.099
0.102
0.096
0.084
0.104
0.154
0.254
0.474
0.16
0.384
0.405
0.429
0.345
0.095
0.098
0.087
0.075
0.095
0.1
0.1
0.093
0.077
0.095
0.101
0.182
0.873
0.137
0.176
0.196
0.253
0.839
0.275
0.319
0.313
0.209
0.15
0.131
0.094
0.097
0.103
0.103
0.099
0.083
0.095
0.099
0.095
0.094
0.081
0.096
0.098
0.095
0.086
0.219
0.179
0.377
1.068
0.179
0.097
1.072
0.202
0.096
0.081
0.484
0.1
0.089
0.585
0.171
0.144
0.4
1.636
0.873
0.201
0.093
0.529
0.1
0.111
0.324
0.413
0.101
0.096
0.09
0.085
0.122
0.168
0.107
0.103
0.096
0.089
0.101
0.099
0.095
0.094
0.082
0.087
0.091
0.098
0.095
0.085
0.081
0.094
0.267
0.244
0.257
0.475
0.114
0.106
0.1
0.091
0.094
0.082
0.1
0.087
0.102
0.164
0.113
0.102
0.093
0.101
0.244
0.097
0.168
0.1
0.099
0.093
0.179
0.219
0.442
0.498
0.495
0.553
0.6
0.476
0.184
0.152
0.175
0.131
0.091
0.099
0.101
0.101
0.099
0.089
0.085
0.097
0.096
0.092
0.097
0.086
0.261
0.211
0.404
0.301
0.317
0.122
0.138
0.141
0.101
0.092
0.093
0.135
0.144
0.108
0.197
0.557
0.109
0.134
0.1
0.669
0.167
0.11
0.267
0.67
0.182
0.565
0.434
0.191
0.208
0.206
0.215
0.177
0.12
0.106
0.105
0.098
0.104
0.096
0.096
0.096
0.094
0.107
0.175
0.132
0.09
0.096
0.09
0.094
0.093
0.287
0.213
0.454
0.243
0.111
0.093
1.119
0.21
0.095
0.104
0.179
0.1
0.136
0.342
0.38
0.139
0.143
0.616
0.109
0.168
0.106
0.1
0.109
0.105
0.376
0.293
0.321
0.417
0.376
0.186
0.114
0.113
0.108
0.107
0.104
0.106
0.1
0.101
0.101
0.105
0.105
0.1
0.106
0.104
0.103
0.105
0.104
0.59
0.506
0.334
0.507
0.245
0.163
0.132
0.286
0.263
0.384
0.399
0.141
0.132
0.664
0.096
0.122
0.174
0.308
0.619
0.114
0.131
0.242
0.148
0.186
0.651
0.718
0.337
0.212
0.232
0.208
0.156
0.205
0.106
0.099
0.096
0.099
0.097
0.092
0.098
0.094
0.096
0.096
0.095
0.09
0.086
0.081
0.087
0.09
0.228
0.202
0.176
0.159
0.144
0.115
0.788
0.13
0.121
0.095
0.093
0.209
0.096
0.138
0.641
0.114
0.12
0.113
0.676
0.1
0.103
0.118
0.198
0.204
0.186
0.235
0.205
0.319
0.419
0.366
0.255
0.169
0.114
0.106
0.105
0.105
0.105
0.095
0.095
0.097
0.098
0.097
0.1
0.098
0.091
0.097
0.098
0.095
0.095
0.249
0.131
0.657
0.521
0.156
0.526
0.418
0.765
0.275
0.177
0.142
0.127
0.119
0.123
0.106
0.109
0.097
0.111
0.106
0.107
0.131
0.19
0.185
0.239
0.351
0.481
0.319
0.493
0.475
0.335
0.14
0.101
0.102
0.1
0.096
0.097
0.092
0.149
0.154
0.105
0.084
0.101
0.088
0.093
0.091
0.085
0.09
0.25
0.254
0.255
0.156
0.154
0.158
0.155
0.156
0.154
0.151
0.154
0.187
0.142
0.111
0.196
0.557
0.122
0.135
0.116
0.718
0.16
0.165
0.167
0.178
0.23
0.807
0.808
0.86
0.529
0.441
0.345
0.163
0.126
0.119
0.12
0.117
0.114
0.106
0.105
0.104
0.108
0.101
0.101
0.104
0.104
0.101
0.093
0.101
0.262
0.232
0.256
0.341
0.245
0.162
0.11
0.102
0.212
0.094
0.103
0.138
0.104
0.179
0.488
0.133
0.112
0.531
0.252
0.226
0.14
0.105
0.104
0.141
0.372
0.716
0.243
0.248
0.207
0.209
0.177
0.132
0.107
0.098
0.096
0.1
0.096
0.096
0.095
0.094
0.096
0.09
0.097
0.094
0.094
0.095
0.093
0.088
0.251
0.209
0.288
1.048
0.263
0.105
0.362
0.746
0.179
0.105
0.091
0.102
0.102
0.225
0.431
0.509
0.532
0.542
0.752
0.138
0.197
0.215
0.157
0.162
0.155
0.212
0.214
0.2
0.208
0.214
0.214
0.213
0.213
0.216
0.218
0.22
0.195
0.11
0.104
0.103
0.102
0.095
0.102
0.101
0.101
0.098
0.098
0.099
0.097
0.096
0.094
0.097
0.1
0.376
0.273
0.293
0.388
0.138
0.108
0.148
0.134
0.097
0.09
0.092
0.197
0.346
0.179
0.103
0.175
0.094
0.093
0.089
0.446
0.768
0.705
0.277
0.31
0.313
0.191
0.155
0.11
0.093
0.103
0.098
0.098
0.096
0.094
0.095
0.096
0.092
0.095
0.094
0.092
0.09
0.085
0.092
0.236
0.136
0.148
0.189
0.14
0.091
0.591
0.607
0.367
1.385
0.196
0.121
0.129
0.744
0.213
0.294
0.228
0.15
0.675
0.563
0.143
0.12
0.093
0.116
0.514
0.608
0.392
0.312
0.257
0.241
0.23
0.15
0.096
0.095
0.097
0.103
0.103
0.1
0.094
0.096
0.089
0.094
0.094
0.092
0.092
0.09
0.087
0.093
0.264
0.488
0.247
0.096
0.09
0.1
0.09
0.085
0.09
0.084
0.176
0.109
0.088
0.122
0.54
0.155
0.126
0.126
0.665
0.098
0.286
0.114
0.105
0.104
0.201
0.576
0.827
0.275
0.486
0.314
0.249
0.153
0.13
0.168
0.13
0.129
0.127
0.129
0.13
0.131
0.13
0.128
0.124
0.127
0.121
0.121
0.123
0.127
0.289
0.209
0.29
0.519
0.786
0.322
0.432
0.141
0.514
0.108
0.096
0.107
0.107
0.134
0.38
0.558
0.111
0.105
0.108
0.387
0.372
0.14
0.094
0.116
0.176
0.17
0.847
0.262
0.162
0.284
0.185
0.125
0.151
0.129
0.095
0.091
0.1
0.097
0.095
0.098
0.092
0.097
0.09
0.087
0.09
0.09
0.096
0.095
0.236
0.434
0.338
0.385
0.116
0.104
0.097
0.093
0.086
0.096
0.089
0.099
0.093
0.148
0.09
0.088
0.089
0.098
0.085
0.1
0.129
0.129
0.085
0.093
0.088
0.219
0.283
0.309
0.38
0.898
0.446
0.156
0.114
0.648
0.099
0.098
0.097
0.092
0.092
0.09
0.089
0.092
0.091
0.092
0.091
0.087
0.091
0.087
0.242
0.157
0.172
0.117
0.094
0.085
0.165
0.111
0.105
0.157
0.089
0.186
0.084
0.096
0.144
0.092
0.089
0.094
0.088
0.084
0.251
0.195
0.109
0.632
0.623
0.73
0.853
0.652
0.395
0.409
0.374
0.142
0.097
0.104
0.092
0.101
0.091
0.077
0.101
0.099
0.098
0.077
0.089
0.098
0.097
0.081
0.082
0.093
0.243
0.389
0.415
0.553
0.261
0.162
0.145
0.714
0.155
0.147
0.259
0.158
0.152
0.16
0.187
0.153
0.155
0.164
0.165
0.153
0.261
0.177
0.147
0.168
0.26
0.526
0.356
0.287
0.43
0.504
0.454
0.305
0.109
0.107
0.094
0.115
0.08
0.11
0.087
0.093
0.101
0.079
0.107
0.072
0.106
0.07
0.106
0.082
0.258
0.186
0.163
0.43
0.782
0.143
0.072
0.121
0.142
0.337
0.116
0.267
0.153
0.084
0.129
0.994
0.326
0.123
0.691
0.326
0.216
0.312
0.474
0.348
0.28
0.289
0.133
0.184
0.309
0.372
0.223
0.163
0.096
0.101
0.109
0.105
0.085
0.114
0.079
0.11
0.073
0.109
0.073
0.103
0.079
0.092
0.092
0.088
0.231
0.097
0.17
0.419
0.871
0.157
0.184
0.108
0.085
0.143
0.078
0.116
0.081
0.195
0.182
0.169
0.086
0.104
0.101
0.076
0.109
0.136
0.19
0.104
0.094
0.186
0.196
0.12
0.285
0.316
0.335
0.27
0.64
0.107
0.119
0.123
0.656
0.087
0.104
0.083
0.111
0.076
0.111
0.074
0.108
0.074
0.11
0.074
0.112
0.072
0.107
0.26
0.293
0.304
0.132
0.171
0.119
0.073
0.101
0.135
0.088
0.085
0.095
0.079
0.228
0.132
0.158
0.1
0.216
0.154
0.127
0.145
0.163
0.168
0.136
0.148
0.199
0.271
0.223
0.14
0.094
0.09
0.111
0.085
0.11
0.087
0.093
0.098
0.083
0.104
0.073
0.11
0.071
0.109
0.071
0.128
0.354
0.387
0.258
0.837
0.299
0.188
0.461
1.085
0.418
0.228
0.1
0.173
0.189
0.244
0.085
0.124
0.104
0.092
0.127
0.083
0.125
0.091
0.112
0.32
0.305
0.366
0.227
0.268
0.276
0.362
0.386
0.126
0.131
0.125
0.109
0.127
0.091
0.139
0.09
0.089
0.151
0.09
0.085
0.143
0.087
0.088
0.138
0.091
0.233
0.309
0.338
0.218
0.212
0.098
0.129
0.102
0.103
0.115
0.168
0.167
0.253
0.556
0.194
0.159
0.625
0.107
0.111
0.104
0.104
0.185
0.111
0.153
0.22
0.294
0.983
0.31
0.36
0.359
0.197
0.133
0.1
0.1
0.102
0.103
0.094
0.09
0.091
0.09
0.091
0.091
0.093
0.085
0.09
0.093
0.092
0.091
0.25
0.227
0.199
0.354
0.222
0.142
0.128
0.134
0.172
0.141
0.107
0.995
0.502
0.251
1.188
0.136
0.099
0.301
0.173
0.106
0.103
0.102
0.094
0.096
0.174
0.364
0.312
0.802
0.369
0.33
0.223
0.676
0.115
0.132
0.12
0.098
0.1
0.098
0.095
0.095
0.095
0.088
0.095
0.094
0.093
0.092
0.09
0.086
0.098
0.318
0.215
0.812
0.213
0.103
0.091
0.26
0.118
0.091
0.091
0.09
0.877
0.253
0.122
0.096
0.165
0.188
0.152
0.122
0.241
0.274
0.322
0.123
0.111
0.151
0.231
0.309
0.339
0.769
0.172
0.169
0.594
0.146
0.109
0.103
