0.226
0.186
0.207
0.173
0.1
0.126
0.076
0.126
0.083
0.115
0.101
0.096
0.117
0.079
0.12
0.077
0.162
0.097
0.423
0.121
0.092
0.143
0.276
0.137
0.358
0.184
0.128
0.114
0.084
0.123
0.075
0.12
0.123
0.102
0.115
0.087
0.186
0.126
0.152
1.052
0.153
0.195
0.162
0.247
0.173
0.201
0.184
0.166
0.177
0.185
0.196
0.168
0.159
0.086
0.119
0.098
0.101
0.115
0.083
0.123
0.074
0.122
0.091
0.103
0.136
0.101
0.402
0.295
0.312
0.427
0.618
0.322
0.073
0.124
0.092
0.104
0.112
0.084
0.122
0.075
0.12
0.095
0.123
0.364
0.324
0.381
0.137
0.877
0.164
0.16
0.184
0.154
0.213
0.173
0.26
0.215
0.153
0.137
0.099
0.121
0.085
0.129
0.076
0.127
0.075
0.126
0.085
0.114
0.097
0.1
0.111
0.127
0.124
0.398
0.134
0.077
0.121
0.094
0.104
0.108
0.334
0.446
0.084
0.126
0.091
0.112
0.106
0.092
0.123
0.076
0.194
0.341
0.185
1.1059999
0.196
0.209
0.155
0.187
0.137
0.205
0.175
0.185
0.163
0.159
0.192
0.148
0.167
0.086
0.123
0.098
0.105
0.114
0.089
0.127
0.076
0.125
0.087
0.112
0.104
0.094
0.122
0.116
0.124
0.426
0.301
0.307
0.299
0.499
0.257
0.198
0.073
0.125
0.089
0.11
0.109
0.091
0.13
0.172
0.33
0.339
0.338
0.328
0.917
0.21
0.149
0.199
0.172
0.152
0.248
0.169
0.21
0.195
0.29
0.216
0.16
0.167
0.115
0.117
0.092
0.124
0.078
0.129
0.075
0.126
0.09
0.11
0.105
0.094
0.121
0.089
0.155
0.389
0.119
0.111
0.103
0.173
0.082
0.13
0.597
0.615
0.12
0.091
0.129
0.098
0.109
0.232
0.173
0.118
0.188
0.111
0.28
0.94
0.19
0.166
0.21
0.186
0.209
0.167
0.179
0.158
0.184
0.167
0.191
0.111
0.131
0.088
0.131
0.083
0.137
0.076
0.137
0.075
0.134
0.084
0.123
0.094
0.11
0.107
0.135
0.162
0.336
0.129
0.113
0.109
0.152
0.113
0.131
0.081
0.125
0.098
0.109
0.122
0.095
0.199
0.102
0.117
0.093
0.13
0.263
0.753
0.148
0.2
0.228
0.256
0.243
0.162
0.216
0.135
0.198
0.134
0.181
0.094
0.121
0.098
0.109
0.111
0.095
0.123
0.082
0.13
0.074
0.129
0.086
0.115
0.101
0.138
0.382
0.105
0.128
0.099
0.153
0.093
0.132
0.229
0.143
0.081
0.14
0.083
0.129
0.092
0.117
0.108
0.121
0.125
0.153
0.148
1.005
0.227
0.177
0.211
0.188
0.195
0.206
0.171
0.204
0.143
0.199
0.157
0.155
0.112
0.1
0.125
0.082
0.133
0.08
0.125
0.098
0.107
0.114
0.09
0.129
0.073
0.129
0.128
0.115
0.587
0.293
0.266
0.308
0.132
0.438
0.211
0.138
0.107
0.116
0.091
0.131
0.075
0.138
0.207
0.136
0.195
0.189
0.185
0.617
0.398
0.138
0.199
0.135
0.197
0.173
0.199
0.157
0.169
0.173
0.154
0.183
0.148
0.175
0.08
0.129
0.09
0.114
0.105
0.099
0.117
0.084
0.126
0.073
0.165
0.088
0.464
0.128
0.091
0.128
0.078
0.491
0.08
0.121
0.094
0.106
0.108
0.092
0.123
0.078
0.126
0.077
0.122
0.156
0.241
0.342
0.243
1.166
0.149
0.192
0.161
0.217
0.176
0.203
0.18
0.16
0.195
0.151
0.196
0.118
0.135
0.086
0.116
0.102
0.1
0.116
0.086
0.125
0.074
0.125
0.085
0.113
0.101
0.114
0.137
0.427
0.149
0.085
0.111
0.101
0.093
0.281
0.252
1.3430001
1.398
0.536
0.291
0.331
0.29
0.347
0.339
0.327
0.414
0.273
0.17
0.741
0.232
0.174
0.248
0.192
0.251
0.202
0.222
0.19
0.214
0.206
0.198
0.215
0.184
0.153
0.08
0.128
0.083
0.121
0.096
0.107
0.108
0.093
0.121
0.077
0.125
0.073
0.123
0.127
0.109
0.287
0.297
0.329
0.277
0.324
0.094
0.122
0.105
0.326
0.26
0.326
0.355
0.325
0.279
0.099
0.224
0.568
0.239
1.092
0.188
0.184
0.199
0.187
0.179
0.201
0.18
0.201
0.137
0.189
0.176
0.139
0.098
0.093
0.11
0.079
0.117
0.069
0.118
0.074
0.114
0.086
0.1
0.098
0.085
0.109
0.111
0.117
0.4
0.153
0.283
0.321
0.343
0.296
0.361
0.791
0.312
0.131
0.076
0.321
0.333
0.341
0.35
0.308
0.224
0.575
0.857
0.645
0.474
0.407
0.47
0.437
0.343
0.187
0.199
0.201
0.184
0.225
0.138
0.188
0.114
0.127
0.122
0.108
0.109
0.093
0.153
0.076
0.127
0.08
0.146
0.097
0.101
0.149
0.475
0.128
0.091
0.12
0.128
0.108
0.546
0.139
0.157
0.075
0.133
0.081
0.123
0.094
0.109
0.105
0.101
0.175
0.101
0.124
0.117
1.0700001
0.331
0.137
0.194
0.213
0.196
0.2
0.168
0.213
0.135
0.189
0.161
0.208
0.133
0.1
0.122
0.08
0.127
0.08
0.122
0.095
0.105
0.11
0.088
0.125
0.075
0.157
0.082
0.158
0.473
0.306
0.199
0.09
0.123
0.414
0.32
0.294
0.131
0.11
0.09
0.126
0.073
0.157
0.229
0.168
0.472
0.333
0.444
0.324
0.752
0.488
0.161
0.202
0.184
0.228
0.184
0.184
0.176
0.185
0.177
0.175
0.185
0.092
0.13
0.074
0.129
0.074
0.128
0.082
0.119
0.092
0.107
0.1
0.098
0.121
0.115
0.448
0.115
0.168
0.084
0.216
0.105
0.172
0.356
0.105
0.105
0.091
0.115
0.079
0.121
0.079
0.161
0.08
0.175
0.125
0.245
0.337
0.631
0.582
0.137
0.186
0.231
0.276
0.219
0.202
0.211
0.187
0.221
0.17
0.183
0.088
0.123
0.093
0.105
0.108
0.091
0.121
0.076
0.124
0.073
0.123
0.083
0.135
0.11
0.446
0.244
0.322
0.47
0.539
0.143
0.116
0.082
0.124
0.074
0.125
0.089
0.11
0.104
0.093
0.126
0.188
0.298
0.34
0.259
0.827
0.175
0.251
0.246
0.215
0.174
0.242
0.167
0.245
0.166
0.197
0.159
0.21
0.168
0.127
0.107
0.09
0.108
0.081
0.117
0.072
0.121
0.068
0.119
0.069
0.117
0.119
0.462
0.328
0.091
0.116
0.079
0.121
0.072
0.355
0.721
0.278
0.123
0.097
0.116
0.08
0.123
0.077
0.189
0.178
0.55
0.367
0.263
1.068
0.224
0.189
0.176
0.196
0.193
0.209
0.202
0.136
0.21
0.161
0.185
0.167
0.138
0.121
0.084
0.125
0.075
0.125
0.086
0.115
0.099
0.099
0.112
0.085
0.123
0.073
0.122
0.078
0.116
0.131
0.311
0.407
0.316
0.358
0.49
0.445
0.323
0.12
0.11
0.087
0.129
0.196
0.157
0.19
0.18
0.271
0.377
0.688
0.569
0.171
0.169
0.253
0.215
0.224
0.188
0.214
0.136
0.235
0.137
0.194
0.155
0.141
0.099
0.114
0.105
0.106
0.108
0.102
0.108
0.101
0.107
0.102
0.102
0.106
0.136
0.112
0.421
0.272
0.312
0.366
0.321
0.344
0.613
0.838
0.166
0.153
0.104
0.1
0.162
0.339
0.368
0.248
0.166
0.134
0.12
1.071
0.174
0.18
0.153
0.221
0.174
0.222
0.219
0.204
0.212
0.19
0.207
0.141
0.159
0.091
0.115
0.105
0.099
0.12
0.083
0.127
0.076
0.126
0.093
0.108
0.109
0.09
0.157
0.074
0.459
0.168
0.319
0.353
0.309
0.743
0.204
0.096
0.125
0.074
0.125
0.091
0.107
0.115
0.086
0.198
0.157
0.294
0.348
0.891
0.241
0.258
0.234
0.161
0.229
0.158
0.215
0.135
0.193
0.142
0.16
0.104
0.107
0.112
0.093
0.124
0.08
0.13
0.075
0.128
0.089
0.114
0.101
0.099
0.147
0.09
0.475
0.267
0.362
0.338
0.332
0.348
0.284
0.339
0.26
0.152
0.225
0.093
0.126
0.073
0.125
0.093
0.111
0.233
0.303
0.339
0.214
1.141
0.149
0.2
0.508
0.552
0.567
0.189
0.227
0.196
0.183
0.197
0.145
0.175
0.088
0.121
0.101
0.1
0.12
0.081
0.126
0.081
0.116
0.102
0.097
0.12
0.077
1.232
0.469
0.256
0.402
0.152
0.135
0.293
0.224
0.357
0.504
0.092
0.123
0.077
0.126
0.09
0.108
0.117
0.111
0.15
0.181
0.428
0.126
0.543
0.654
0.167
0.17
0.169
0.282
0.245
0.244
0.193
0.225
0.169
0.205
0.185
0.187
0.141
0.089
0.127
0.076
0.126
0.091
0.109
0.106
0.092
0.123
0.075
0.162
0.08
0.591
0.21
0.325
0.353
0.304
0.517
0.395
0.096
0.121
0.075
0.124
0.082
0.116
0.098
0.098
0.115
0.082
0.126
0.194
0.311
0.334
1.054
0.177
0.145
0.213
0.137
0.184
0.156
0.222
0.179
0.146
0.185
0.164
0.191
0.151
0.123
0.104
0.094
0.118
0.08
0.122
0.074
0.121
0.087
0.109
0.1
0.093
0.149
0.081
0.463
0.074
0.122
0.083
0.11
0.096
0.31
0.935
0.304
0.269
0.105
0.123
0.237
0.34
0.366
0.314
0.311
0.156
0.379
0.384
0.93
0.188
0.15
0.205
0.191
0.21
0.185
0.29
0.214
0.152
0.17
0.182
0.144
0.088
0.122
0.075
0.122
0.076
0.123
0.082
0.115
0.093
0.102
0.104
0.088
0.116
0.117
0.119
0.294
0.39
0.303
0.323
0.286
0.201
0.3
0.184
0.179
0.157
0.316
0.28
0.199
0.134
0.156
0.124
0.151
0.193
0.161
1.05
0.216
0.164
0.208
0.192
0.196
0.196
0.154
0.211
0.167
0.216
0.151
0.209
0.181
0.126
0.113
0.096
0.125
0.079
0.128
0.08
0.122
0.097
0.103
0.113
0.087
0.124
0.106
0.126
0.421
0.234
0.313
0.289
0.324
0.276
0.513
0.18
0.11
0.132
0.089
0.113
0.111
0.211
0.136
0.152
0.501
1.12
0.783
0.493
0.239
0.214
0.281
0.304
0.323
0.704
0.587
0.242
0.186
0.17
0.192
0.164
0.184
0.16
0.103
0.132
0.081
0.134
0.079
0.129
0.092
0.113
0.108
0.097
0.122
0.535
0.131
0.092
0.384
0.241
0.291
0.327
0.27
0.331
0.294
0.472
0.311
0.203
0.133
0.078
0.913
0.807
0.562
0.372
0.191
0.152
0.098
0.139
0.091
0.124
0.108
0.103
0.126
0.085
0.233
0.689
0.186
0.199
0.15
0.195
0.14
0.188
0.155
0.115
0.12
0.085
0.13
0.081
0.119
0.102
0.096
0.125
0.074
0.125
0.176
0.14
0.129
0.451
0.308
0.112
0.101
0.126
0.199
0.73
0.372
0.134
0.12
0.079
0.127
0.082
0.128
0.132
0.219
0.39
0.257
0.572
1.391
0.199
0.16
0.599
0.771
0.989
0.283
0.241
0.262
0.203
0.291
0.158
0.197
0.18
0.123
0.109
0.095
0.119
0.082
0.127
0.073
0.125
0.086
0.113
0.1
0.372
0.136
0.106
0.128
0.435
0.13
0.212
0.162
0.21
0.495
0.141
0.123
0.074
0.124
0.085
0.11
0.103
0.149
0.165
0.161
0.159
0.401
0.375
0.715
0.361
0.228
0.627
0.76
0.78
0.516
0.209
0.196
0.173
0.143
0.077
0.122
0.098
0.098
0.121
0.077
0.124
0.089
0.11
0.107
0.087
0.123
0.073
0.159
0.139
0.267
0.529
1.132
0.438
0.358
0.432
0.731
0.16
0.132
0.107
0.125
0.095
0.197
0.151
0.116
0.123
0.084
0.135
0.366
0.294
0.193
0.233
1.322
0.253
0.215
0.216
0.25
0.184
0.228
0.174
0.217
0.227
0.152
0.158
0.08
0.129
0.094
0.105
0.112
0.087
0.125
0.073
0.123
0.089
0.104
0.11
0.084
0.12
0.222
0.144
0.44
0.098
0.122
0.077
0.115
0.098
0.1
0.175
0.427
0.16
0.212
0.316
0.316
0.314
0.131
0.551
0.239
0.163
0.082
0.122
0.094
0.139
0.566
0.997
0.438
0.351
0.297
0.318
0.241
0.288
