0.107
0.151
0.146
0.149
0.167
0.137
0.103
0.135
0.144
0.1
0.531
0.434
0.182
0.329
0.574
0.189
0.136
0.092
0.047
0.104
0.086
0.075
0.104
0.228
0.143
0.131
0.143
0.189
0.15
0.143
1.084
0.11
0.169
0.156
0.171
0.142
0.193
0.175
0.154
0.161
0.157
0.215
0.135
0.122
0.119
0.109
0.103
0.142
0.134
0.102
0.139
0.144
0.096
0.134
0.143
0.099
0.14
0.11
0.201
0.171
0.125
0.318
0.243
0.083
0.083
0.106
0.071
0.087
0.076
0.122
0.242
0.152
0.128
0.091
0.109
0.211
0.095
0.104
0.901
0.191
0.15
0.167
0.169
0.157
0.186
0.16
0.158
0.181
0.236
0.322
0.264
0.284
0.138
0.159
0.149
0.113
0.136
0.137
0.115
0.143
0.151
0.098
0.136
0.147
0.108
0.112
0.685
0.347
0.211
0.322
0.093
0.193
0.096
0.05
0.101
0.098
0.102
0.302
0.213
0.121
0.11
0.109
0.195
0.132
0.133
0.068
0.213
0.111
0.143
0.182
0.161
0.166
0.227
0.136
0.156
0.185
0.217
0.156
0.138
0.13
0.151
0.129
0.104
0.151
0.122
0.127
0.135
0.114
0.139
0.131
0.119
0.135
0.122
0.128
0.251
0.141
0.144
0.297
0.113
0.192
0.066
0.278
0.546
0.111
0.125
0.079
0.103
0.659
0.528
0.119
0.122
0.109
0.302
0.259
0.12
0.132
0.286
0.306
0.176
0.647
0.598
0.244
0.235
0.327
0.152
0.124
0.146
0.139
0.103
0.109
0.101
0.094
0.123
0.08
0.093
0.12
0.078
0.1
0.107
0.067
0.121
0.096
0.457
0.419
0.168
0.298
0.149
0.109
0.127
0.119
0.082
0.091
0.088
0.106
0.078
0.2
0.121
0.126
0.235
0.133
0.173
0.868
0.837
0.104
0.151
0.171
0.164
0.175
0.214
0.179
0.166
0.337
0.223
0.156
0.175
0.171
0.153
0.144
0.116
0.143
0.142
0.121
0.15
0.109
0.14
0.156
0.094
0.14
0.151
0.083
0.175
0.171
0.094
0.303
0.114
0.149
0.128
0.101
0.066
0.172
0.793
0.317
0.188
0.117
0.128
0.119
0.192
0.115
0.117
0.255
0.886
0.118
0.13
0.166
0.183
0.154
0.213
0.171
0.147
0.17
0.267
0.13
0.154
0.171
0.15
0.163
0.138
0.12
0.139
0.136
0.13
0.126
0.125
0.141
0.131
0.11
0.142
0.108
0.272
0.145
0.274
0.229
0.29
0.58
0.13
0.106
0.078
0.1
0.105
0.164
0.169
0.158
0.094
0.127
0.222
0.086
0.13
0.103
0.187
0.145
0.137
0.167
0.184
0.125
0.203
0.17
0.148
0.24
0.33
0.116
0.144
0.119
0.116
0.13
0.139
0.142
0.114
0.146
0.12
0.138
0.155
0.088
0.148
0.146
0.115
0.131
0.622
0.311
0.184
0.421
0.166
0.173
0.123
0.089
0.078
0.113
0.086
0.137
0.163
0.368
0.294
0.125
0.075
0.248
0.118
0.092
0.466
0.111
0.16
0.179
0.167
0.155
0.201
0.174
0.165
0.152
0.193
0.198
0.129
0.112
0.113
0.107
0.099
0.106
0.095
0.102
0.11
0.08
0.103
0.1
0.1
0.09
0.09
0.12
0.501
0.39
0.302
0.631
0.233
0.137
0.088
0.081
0.092
0.096
0.084
0.098
0.084
0.275
0.146
0.096
0.085
0.183
0.12
0.122
0.379
0.338
0.134
0.139
0.157
0.171
0.187
0.174
0.168
0.159
0.287
0.119
0.127
0.115
0.104
0.105
0.095
0.122
0.1
0.103
0.11
0.072
0.118
0.105
0.069
0.12
0.089
0.093
0.23
0.138
0.266
0.177
0.264
0.11
0.115
0.068
0.108
0.239
0.682
0.275
0.203
0.171
0.189
0.089
0.112
0.259
0.11
0.118
1.007
0.206
0.41
0.175
0.158
0.179
0.215
0.182
0.163
0.153
0.235
0.132
0.105
0.125
0.076
0.111
0.112
0.074
0.122
0.106
0.071
0.125
0.091
0.09
0.116
0.084
0.115
0.092
0.301
0.168
0.12
0.658
0.27
0.133
0.096
0.088
0.088
0.095
0.087
0.082
0.094
0.094
0.081
0.091
0.106
0.216
0.091
0.092
0.129
0.249
0.142
0.181
0.146
0.213
0.323
0.143
0.186
0.225
0.24
0.146
0.133
0.106
0.125
0.084
0.099
0.112
0.076
0.104
0.091
0.104
0.089
0.1
0.102
0.075
0.116
0.09
0.42
0.587
0.167
0.469
0.08
0.474
0.446
0.122
0.102
0.092
0.185
0.39
0.14
0.113
0.118
0.085
0.229
0.099
0.125
0.078
1.147
0.641
0.151
0.206
0.193
0.185
0.218
0.178
0.266
0.263
0.21
0.122
0.156
0.125
0.147
0.121
0.083
0.126
0.084
0.096
0.116
0.08
0.121
0.076
0.1
0.116
0.084
0.108
0.231
0.154
0.619
0.291
0.324
0.708
0.162
0.11
0.061
0.127
0.086
0.227
0.192
0.119
0.108
0.126
0.099
0.226
0.103
0.134
0.505
0.203
0.205
0.158
0.154
0.236
0.209
0.161
0.173
0.233
0.338
0.258
0.249
0.225
0.168
0.138
0.144
0.149
0.092
0.154
0.118
0.13
0.145
0.105
0.151
0.111
0.128
0.123
0.173
0.161
0.13
0.285
0.771
0.14
0.158
0.138
0.148
0.154
0.09
0.316
0.147
0.081
0.129
0.2
0.107
0.145
0.098
0.32
0.871
0.139
0.209
0.15
0.167
0.249
0.202
0.179
0.165
0.195
0.168
0.215
0.131
0.108
0.126
0.07
0.121
0.089
0.085
0.117
0.073
0.116
0.067
0.117
0.097
0.077
0.122
0.075
0.692
0.279
0.201
1.016
0.318
0.152
0.106
0.089
0.109
0.294
0.478
0.436
0.2
0.332
0.11
0.126
0.187
0.12
0.123
0.117
0.998
0.127
0.162
0.193
0.132
0.179
0.205
0.162
0.196
0.15
0.182
0.227
0.101
0.136
0.083
0.107
0.119
0.067
0.12
0.093
0.105
0.1
0.076
0.123
0.074
0.102
0.109
0.087
0.295
0.121
0.158
0.286
0.11
0.199
0.062
0.093
0.098
0.069
0.098
0.069
0.116
0.1
0.073
0.125
0.068
0.091
0.087
0.084
0.109
0.062
0.846
0.199
0.17
0.169
0.192
0.186
0.148
0.153
0.157
0.334
0.251
0.244
0.25
0.161
0.144
0.116
0.147
0.135
0.129
0.132
0.13
0.141
0.106
0.151
0.113
0.17
0.776
0.202
0.193
0.254
0.222
0.1
0.093
0.102
0.078
0.108
0.113
0.242
0.191
0.186
0.129
0.105
0.134
0.12
0.225
0.312
1.045
0.149
0.166
0.178
0.167
0.168
0.244
0.157
0.197
0.195
0.227
0.156
0.075
0.13
0.118
0.07
0.124
0.078
0.11
0.101
0.078
0.122
0.081
0.093
0.112
0.077
0.118
0.077
0.243
0.173
0.11
0.459
0.168
0.164
0.126
0.293
0.68
0.145
0.132
0.099
0.1
0.202
0.063
0.13
0.114
0.186
0.119
0.092
0.143
0.138
0.317
0.319
0.215
0.737
0.555
0.182
0.188
0.185
0.299
0.137
0.179
0.189
0.129
0.173
0.127
0.186
0.161
0.131
0.152
0.122
0.122
0.154
0.111
0.156
0.096
0.113
0.628
0.269
0.204
0.359
0.125
0.154
0.301
0.108
0.097
0.069
0.281
1.41
0.405
0.147
0.064
0.132
0.104
0.101
0.206
0.086
0.136
0.097
0.199
0.18
0.125
0.188
0.177
0.152
0.187
0.126
0.261
0.121
0.115
0.147
0.091
0.086
0.114
0.111
0.097
0.092
0.11
0.092
0.122
0.088
0.093
0.127
0.074
0.113
0.298
0.136
0.143
0.252
0.325
0.104
0.076
0.097
0.082
0.084
0.1
0.107
0.313
0.294
0.171
0.087
0.118
0.194
0.118
0.231
0.909
0.135
0.185
0.146
0.176
0.136
0.344
0.186
0.149
0.198
0.206
0.136
0.15
0.089
0.134
0.09
0.11
0.114
0.065
0.129
0.095
0.093
0.121
0.072
0.126
0.082
0.101
0.125
0.439
0.499
0.167
0.33
0.367
0.243
0.695
0.105
0.079
0.103
0.073
0.222
0.187
0.139
0.114
0.129
0.249
0.099
0.135
0.112
1.063
0.15
0.141
0.179
0.171
0.157
0.202
0.154
0.16
0.207
0.199
0.293
0.269
0.249
0.145
0.173
0.121
0.135
0.159
0.088
0.152
0.139
0.116
0.141
0.109
0.144
0.145
0.067
0.653
0.349
0.196
0.557
0.292
0.262
0.09
0.082
0.095
0.088
0.089
0.108
0.411
0.463
0.166
0.101
0.07
0.27
0.179
0.1
1.369
0.108
0.174
0.174
0.146
0.163
0.196
0.177
0.151
0.177
0.254
0.132
0.143
0.11
0.118
0.12
0.065
0.127
0.09
0.105
0.122
0.105
0.159
0.122
0.12
0.154
0.09
0.108
0.23
0.14
0.151
0.32
0.225
0.104
0.072
0.079
0.098
0.101
0.077
0.097
0.1
0.058
0.092
0.103
0.061
0.205
0.152
0.118
0.247
0.283
0.174
0.178
0.12
0.176
0.184
0.154
0.167
0.153
0.166
0.246
0.107
0.134
0.125
0.096
0.09
0.097
0.118
0.13
0.118
0.133
0.137
0.116
0.138
0.12
0.121
0.1
0.659
0.256
0.172
0.296
0.144
0.176
0.09
0.076
0.085
0.086
0.095
0.266
0.186
0.187
0.65
0.272
0.293
0.159
0.134
0.127
1.081
0.103
0.368
0.257
0.168
0.209
0.189
0.198
0.218
0.17
0.309
0.142
0.12
0.161
0.102
0.132
0.107
0.081
0.119
0.07
0.099
0.137
0.096
0.143
0.125
0.124
0.119
0.078
0.746
0.322
0.348
0.176
0.167
0.259
0.1
0.054
0.097
0.073
0.083
0.085
0.067
0.219
0.174
0.07
0.124
0.102
0.11
0.245
0.105
0.421
1.0599999
0.083
0.198
0.18
0.204
0.168
0.196
0.201
0.202
0.146
0.154
0.124
0.158
0.103
0.098
0.114
0.099
0.094
0.106
0.107
0.086
0.107
0.092
0.091
0.106
0.093
0.572
0.379
0.234
0.403
0.092
0.097
0.136
0.21
0.056
0.101
0.101
0.064
0.093
0.281
0.532
0.197
0.114
0.117
0.244
0.727
0.85
0.205
0.266
0.167
0.165
0.167
0.189
0.193
0.232
0.13
0.158
0.183
0.192
0.139
0.115
0.146
0.094
0.1
0.119
0.075
0.126
0.077
0.093
0.115
0.083
0.103
0.093
0.097
0.264
0.12
0.132
0.279
0.464
0.353
0.162
0.089
0.147
0.108
0.078
0.194
0.17
0.095
0.131
0.124
0.18
0.141
0.091
0.394
0.945
0.069
0.211
0.239
0.141
0.175
0.182
0.159
0.172
0.159
0.186
0.122
0.119
0.15
0.145
0.128
0.13
0.15
0.097
0.149
0.146
0.102
0.147
0.124
0.134
0.145
0.097
0.121
0.211
0.129
0.125
0.671
0.384
0.183
0.689
0.206
0.081
0.113
0.075
0.184
0.171
0.131
0.104
0.097
0.159
0.248
0.136
0.138
0.403
0.588
0.148
0.165
0.181
0.166
0.19
0.155
0.165
0.17
0.173
0.199
0.125
0.128
0.093
0.102
0.092
0.102
0.104
0.082
0.117
0.091
0.094
0.102
0.095
0.112
0.085
0.093
0.566
0.3
0.178
0.689
0.329
0.159
0.088
0.091
0.087
0.101
0.09
0.101
0.232
0.216
0.187
0.13
0.131
0.24
0.14
0.106
1.1670001
0.285
0.349
0.207
0.17
0.225
0.269
0.158
0.19
0.191
0.162
0.24
0.108
0.115
0.141
0.115
0.148
0.124
0.134
0.151
0.112
0.146
0.129
0.127
0.142
0.109
0.141
0.1
0.305
0.168
0.227
0.228
0.219
0.064
0.121
0.081
0.093
0.088
0.069
0.109
0.084
0.084
0.225
0.12
0.138
0.197
0.092
0.137
0.229
0.122
0.16
0.172
0.17
0.173
0.181
0.17
0.172
0.179
0.175
0.19
0.116
0.145
0.102
0.078
0.126
0.101
0.092
0.096
0.116
0.096
0.09
0.119
0.086
0.117
0.104
0.077
0.701
0.282
0.161
0.265
0.259
0.111
0.1
0.064
0.097
0.388
0.681
0.219
0.204
0.131
0.097
0.135
0.235
0.106
0.149
0.423
0.991
0.252
0.292
0.743
0.205
0.163
0.217
0.161
0.16
0.188
0.18
0.26
0.117
0.149
0.154
0.097
0.112
0.09
