0.0
0.0
0.0
0.0
0.0
0.0
0.0
0.0
0.0
0.0
0.0
0.0
0.0
0.0
0.0
0.006
0.012
0.015
0.0345
0.0615
0.0615
0.078
0.1215
0.1395
0.1425
0.165
0.1395
0.1155
0.105
0.081
0.039
0.015
0.0045
0.0
0.0
0.0
0.0
0.0
0.0
0.0
0.0
0.0
0.0
0.0
0.0
0.0
0.0
0.0
0.0
0.0
0.0
0.0
0.0
0.0
0.0
0.0015
0.0
0.0
0.0
0.0
0.0
0.0
0.0045
0.018
0.0705
0.0705
0.0945
0.111
0.0915
0.1575
0.183
0.1965
0.2325
0.2265
0.195
0.216
0.198
0.1335
0.15
0.0765
0.0345
0.0075
0.0015
0.0
0.0
0.0
0.0
0.0
0.0
0.0
0.0
0.0
0.0
0.0
0.0
0.0
0.0
0.0
0.0
0.0
0.0
0.0
0.0
0.0
0.0
0.0
0.0
0.0
0.0045
0.018
0.051
0.0825
0.108
0.1275
0.1365
0.141
0.144
0.1545
0.156
0.153
0.1455
0.183
0.1905
0.162
0.135
0.123
0.1125
0.102
0.087
0.069
0.039
0.009
0.0015
0.0
0.0
0.0
0.0
0.0
0.0
0.0
0.0
0.0
0.0
0.0
0.0
0.0
0.0
0.0
0.0
0.0
0.0
0.0
0.0
0.0
0.003
0.0075
0.027
0.048
0.0945
0.1155
0.1785
0.381
0.213
0.2295
0.4005
0.4965
0.528
0.522
0.5835
0.5835
0.5475
0.573
0.447
0.426
0.4185
0.342
0.2955
0.2295
0.18
0.0765
0.0375
0.0105
0.0015
0.0
0.0
0.0
0.0
0.0
0.0
0.0
0.0
0.0
0.0
0.0
0.0
0.0
0.0
0.0
0.0
0.0015
0.0075
0.024
0.0465
0.228
0.654
0.879
1.101
1.308
1.2825
0.8115
1.8045
1.311
0.579
1.0755
1.0215
1.155
1.458
1.1655
1.6965
1.176
0.7065
0.429
0.375
0.3975
0.3105
0.273
0.201
0.105
0.0495
0.039
0.0135
0.0045
0.0
0.0
0.0
0.0
0.0
0.0
0.0
0.0
0.0
0.0
0.0
0.0
0.0
0.0
0.003
0.009
0.027
0.0555
0.0975
0.1515
0.2145
0.2895
0.483
1.0215
1.842
0.8925
1.299
2.16
0.744
0.6165
2.481
2.493
2.502
2.4525
1.677
2.331
2.1285
1.947
1.7655
1.5675
1.3575
1.134
0.7185
0.588
0.408
0.078
0.054
0.0255
0.009
0.003
0.0
0.0
0.0
0.0
0.0
0.0
0.0
0.0
0.0
0.0
0.0
0.0
0.0015
0.006
0.0225
0.0495
0.1305
0.195
0.498
0.783
0.4845
0.858
1.4085
1.47
0.87
1.8705
1.0875
0.5295
2.1075
1.4865
1.9845
2.1555
1.6575
1.455
1.8645
1.764
1.6065
1.3815
1.203
0.9645
0.6585
0.366
0.2625
0.156
0.0
0.0
0.0
0.0
0.0
0.0
0.0
0.0
0.0
0.0
0.0
0.0
0.0
0.0
0.0
0.0
0.0
0.0
0.0045
0.012
0.0465
0.144
0.3
0.519
0.315
0.408
0.579
0.609
0.9135
1.0425
0.72
0.681
0.5445
0.342
0.165
0.9645
2.0655
1.9485
1.29
0.7635
0.3
0.8445
0.078
0.027
0.306
0.1125
0.0375
0.0375
0.027
0.009
0.0015
0.0
0.0
0.0
0.0
0.0
0.0
0.0
0.0
0.0
0.0
0.0
0.0
0.0
0.0
0.0
0.0
0.0015
0.006
0.018
0.0345
0.048
0.072
0.105
0.1665
0.2595
0.3615
0.3165
0.1095
0.186
0.1155
0.1065
0.1035
0.1035
0.105
0.1125
0.12
0.1365
0.1725
0.096
0.0825
0.066
0.0345
0.0255
0.0075
0.006
0.0015
0.003
0.0015
0.0015
0.0
0.0
0.0
0.0
0.0
0.0
0.0
0.0
0.0
0.0
0.0
0.0
0.0
0.0
0.0
0.0
0.0
0.0015
0.006
0.0105
0.0315
0.0465
0.0645
0.09
0.096
0.1005
0.1125
0.1545
0.1815
0.174
0.1065
0.0525
0.066
0.129
0.1335
0.072
0.0165
0.033
0.033
0.018
0.0075
0.0045
0.0
0.0
0.0
0.0
0.0
0.0
0.0
0.0
0.0
0.0
0.0
0.0
0.0
0.0
0.0
0.0
0.0
0.0
0.0
0.0
0.0
0.0
0.0
0.0
0.0
0.003
0.0075
0.0255
0.027
0.0375
0.0465
0.027
0.0345
0.048
0.0645
0.072
0.0675
0.0795
0.0705
0.0765
0.0585
0.0855
0.033
0.021
0.0075
0.0045
0.0
0.0
0.0
0.0
0.0
0.0
0.0
0.0
0.0
0.0
0.0
0.0
0.0
0.0
0.0
0.0
0.0
0.0
0.0
0.0
0.0
0.0
0.0
0.0
0.0
0.0
0.0
0.0
0.0015
0.0075
0.0135
0.0285
0.048
0.066
0.075
0.0915
0.075
0.069
0.0705
0.0585
0.045
0.045
0.0465
0.0195
0.012
0.006
0.0045
0.003
0.003
0.003
0.0015
0.003
0.003
0.0015
0.0
0.0
0.0
0.0
0.0
0.0
0.0015
0.0
0.0
0.0
0.0
0.0
0.0
0.0
0.0
0.0045
0.0075
0.036
0.066
0.1395
0.5175
0.8205
0.759
1.0725
0.792
0.948
1.389
1.842
0.885
0.825
1.0005
0.909
0.861
0.903
1.4805
0.474
1.839
1.2795
1.419
0.5565
0.171
0.2085
0.519
0.4155
0.315
0.081
0.0255
0.0105
0.0045
0.0
0.0
0.0015
0.0
0.0
0.0
0.0
0.0
0.0
0.0
0.0
0.0
0.0
0.0
0.0045
0.0135
0.0525
0.123
0.1845
0.342
0.456
0.606
1.0785
0.954
0.561
0.5325
0.972
0.69
0.564
0.3825
0.6495
0.549
0.771
0.6075
0.375
0.2955
0.3555
0.3375
0.1635
0.147
0.1185
0.084
0.0465
0.027
0.015
0.006
0.006
0.0
0.0
0.0
0.0
0.0
0.0
0.0
0.0
0.0
0.0
0.0
0.0
0.0
0.0
0.0
0.0045
0.0075
0.018
0.051
0.0795
0.0945
0.12
0.1845
0.51
0.4695
0.1995
0.2025
0.1485
0.552
0.54
0.351
0.3885
0.36
0.5415
0.8865
0.585
0.507
0.6555
0.879
0.7185
0.8805
0.7035
0.357
0.375
0.0705
0.0465
0.0405
0.009
0.003
0.0
0.0
0.0
0.0
0.0
0.0
0.0
0.0
0.0
0.0
0.0
0.0
0.0
0.0
0.0045
0.0105
0.0315
0.09
0.135
0.2655
0.5565
1.1115
1.4025
1.5795
0.72
1.4985
1.545
0.8295
1.1955
2.0595
2.421
1.458
1.9635
1.1295
0.936
0.5955
0.861
0.5055
1.0395
0.3465
0.222
0.5325
0.273
0.141
0.0975
0.0405
0.009
0.003
0.0
0.0
0.0
0.0
0.0
0.0
0.0
0.0
0.0
0.0
0.0
0.0
0.0
0.0
0.0045
0.0165
0.0435
0.0615
0.105
0.1995
0.267
0.2835
0.336
0.4815
0.5865
0.4455
0.5145
0.5145
0.333
0.4785
0.387
0.6765
0.312
0.2895
0.2055
0.297
0.3105
0.336
0.363
0.297
0.093
0.06
0.0495
0.06
0.0435
0.0165
0.0075
0.0015
0.0
0.0
0.0
0.0
0.0
0.0
0.0
0.0
0.0
0.0
0.0
0.0
0.0
0.0
0.0045
0.009
0.0315
0.078
0.105
0.2115
0.465
0.594
0.6075
0.5685
0.7275
0.8025
0.486
0.6735
0.4905
0.678
0.4305
0.537
0.4725
0.321
0.51
0.6885
0.597
0.567
0.6225
0.8835
0.5505
0.2025
0.129
0.132
0.144
0.0525
0.015
0.003
0.0
0.0
0.0
0.0
0.0
0.0
0.0
0.0
0.0
0.0
0.0
0.0
0.0
0.0
0.0045
0.012
0.036
0.0915
0.1515
0.1815
0.3075
0.3285
0.276
0.387
0.7395
0.846
0.8535
0.8985
0.816
0.7065
0.9525
1.0905
0.9375
1.2945
1.407
1.656
1.269
0.7185
1.02
1.1085
0.9525
0.711
0.333
0.252
0.1005
0.048
0.012
0.0045
0.0
0.0
0.0
0.0
0.0
0.0
0.0
0.0
0.0
0.0
0.0
0.0
0.0
0.0
0.003
0.0075
0.0105
0.0255
0.0495
0.036
0.0555
0.0615
0.093
0.1275
0.165
0.159
0.213
0.1845
0.21
0.261
0.282
0.2715
0.3435
0.381
0.3555
0.3885
0.3075
0.1905
0.4425
0.2415
0.12
0.069
0.096
0.069
0.0495
0.018
0.0075
0.0015
0.0
0.0
0.0
0.0
0.0
0.0
0.0
0.0
0.0
0.0
0.0
0.0
0.0
0.0
0.0045
0.009
0.018
0.0315
0.06
0.135
0.1845
0.126
0.1215
0.12
0.2325
0.21
0.1635
0.1755
0.2505
0.3105
0.2775
0.237
0.312
0.4515
0.6285
0.4155
0.429
0.312
0.18
0.3255
0.5715
0.561
0.3405
0.312
0.09
0.048
0.015
0.0045
0.0
0.0
0.0
0.0
0.0
0.0
0.0
0.0
0.0
0.0
0.0
0.0
0.0
0.0
0.0045
0.0075
0.018
0.0375
0.0735
0.0825
0.1005
0.1395
0.1485
0.1815
0.174
0.1905
0.4065
0.504
0.48
0.348
0.285
0.249
0.306
0.2445
0.228
0.312
0.5115
0.2325
0.357
0.387
0.288
0.501
0.357
0.243
0.0795
0.042
0.0165
0.006
0.0015
0.0015
0.0
0.0
0.0
0.0
0.0
0.0
0.0
0.0
0.0
0.0
0.0
0.0015
0.006
0.015
0.0495
0.1365
0.3105
0.5115
0.4245
1.008
1.584
0.891
0.6285
0.681
0.9315
0.483
0.6765
0.804
0.6015
1.422
0.774
2.331
1.284
1.0515
1.4205
1.464
1.0065
0.3195
0.2355
0.63
0.2625
0.168
0.1155
0.054
0.027
0.006
0.0
0.0
0.0
0.0
0.0
0.0
0.0
0.0
0.0
0.0
0.0
0.0
0.0
0.0
0.006
0.0105
0.027
0.0375
0.078
0.1215
0.174
0.291
0.318
0.3015
0.2295
0.3285
0.3795
0.3
0.189
0.3465
0.3135
0.2055
0.165
0.237
0.537
0.8055
0.3135
0.519
0.4785
0.246
0.2955
0.2085
0.237
0.0945
0.066
0.0285
0.015
0.0045
0.0
0.0
0.0
0.0
0.0
0.0
0.0
0.0
0.0
0.0
0.0015
0.0
0.0
0.0015
0.006
0.024
0.0555
0.0765
0.2685
0.7125
0.6525
0.7125
1.125
1.4805
1.1025
0.9855
1.3065
0.7995
0.6225
1.4385
1.17
1.0695
1.9725
2.0295
1.5945
1.647
1.557
1.5015
1.224
1.029
0.9945
0.8265
0.486
0.414
0.096
0.072
0.027
0.0075
0.0015
0.0
0.0015
0.0
0.0
0.0
0.0
0.0
0.0
0.0
0.0
0.0
0.0
0.0015
0.006
0.018
0.045
0.0825
0.2175
0.6675
0.9825
1.29
1.323
1.3455
0.984
1.302
1.626
0.7905
0.8715
2.457
2.229
2.109
2.274
2.166
2.088
2.16
1.983
1.746
1.569
1.38
1.149
0.81
0.498
0.3975
0.0735
0.051
0.0225
0.006
0.0045
0.003
0.003
0.0
0.0
0.0
0.0
0.0
0.0
0.0
0.0
0.0
0.0
0.0045
0.0075
0.021
0.0375
0.0585
0.2805
0.9105
1.131
1.3575
1.575
1.7775
1.1565
1.701
2.163
0.7215
0.774
2.2665
2.3325
2.1975
2.2035
2.166
2.22
1.9155
1.971
1.7325
1.6005
1.1865
1.0425
0.795
0.3915
0.2565
0.0945
0.0555
0.0225
0.006
0.0
0.0
0.0
0.0
0.0
0.0
0.0
0.0
0.0
0.0
0.0
0.0
0.0
0.0
0.006
0.0075
0.0195
0.033
0.0435
0.066
0.054
0.129
0.2205
0.384
0.372
0.3285
0.3375
0.3675
0.348
0.441
0.312
0.2175
0.1095
0.0825
0.1815
0.2295
0.357
0.5205
0.171
0.1815
0.1665
0.2385
0.1635
0.117
0.102
0.0465
0.018
0.0045
0.0
0.0
0.0
0.0
0.0
0.0
0.0
0.0
0.0
0.0
0.0
0.0
0.0
0.0
0.006
0.012
0.0405
0.054
0.1515
0.1545
0.234
0.318
0.3705
0.4335
0.495
0.498
0.2505
0.168
0.1065
0.1395
0.204
0.141
0.207
0.321
0.213
0.2295
0.1485
0.135
0.0885
0.2115
0.114
0.0645
0.0735
0.12
0.09
0.042
0.015
0.006
0.0
0.0
0.0
0.0
0.0
0.0
0.0
0.0
0.0
0.0
0.0
0.0
0.0
0.0015
0.006
0.009
0.024
0.0315
0.045
0.0585
0.0975
0.2895
0.3345
0.123
0.144
0.234
0.3285
0.498
0.447
0.444
0.5625
0.4455
0.2085
0.1185
0.12
0.1245
0.243
0.192
0.153
0.1635
0.1695
0.123
0.2055
0.072
0.033
0.0135
0.0075
0.006
0.0
0.0
0.0
0.0
0.0
0.0
0.0
0.0
0.0
0.0
0.0
0.0
0.0015
0.0015
0.006
0.015
0.033
0.06
0.0765
0.102
0.129
0.1515
0.1995
0.2505
0.3525
0.438
0.432
0.678
0.975
1.5795
2.1375
2.0505
2.07
1.887
1.7655
1.8765
2.004
1.5075
1.1925
0.5175
0.6
0.363
0.345
0.3345
0.0975
0.0555
0.0225
0.0075
0.0015
0.0
0.0
0.0
0.0
0.0
0.0
