0.0
0.0
0.0
0.0
0.0
0.0
0.0
0.0
0.0
0.0
0.0
0.0
0.0
0.0
0.0
0.0045
0.0105
0.0285
0.0675
0.099
0.1125
0.126
0.126
0.102
0.165
0.1965
0.159
0.1365
0.1095
0.0675
0.0495
0.015
0.0045
0.0
0.0
0.0
0.0
0.0
0.0
0.0
0.0
0.0
0.0
0.0
0.0
0.0
0.0
0.0
0.0
0.0
0.0
0.0
0.0
0.0
0.0
0.0
0.0
0.0
0.0
0.0
0.0
0.0
0.003
0.0105
0.024
0.0645
0.0945
0.0795
0.0915
0.093
0.138
0.3
0.2505
0.171
0.216
0.225
0.2145
0.1185
0.135
0.093
0.042
0.012
0.0045
0.0
0.0
0.0
0.0
0.0
0.0
0.0
0.0
0.0
0.0
0.0
0.0
0.0
0.0
0.0
0.0
0.0
0.0
0.0
0.0
0.0
0.0
0.0
0.0
0.0
0.0045
0.018
0.0585
0.1125
0.1455
0.207
0.225
0.2205
0.195
0.159
0.159
0.1455
0.138
0.1575
0.2115
0.1905
0.15
0.144
0.1395
0.1185
0.096
0.0735
0.033
0.0075
0.0015
0.0
0.0
0.0
0.0
0.0
0.0
0.0
0.0
0.0
0.0
0.0
0.0
0.0
0.0
0.0
0.0
0.0
0.0
0.0
0.0
0.0
0.0045
0.0225
0.069
0.0795
0.1095
0.1185
0.183
0.1125
0.1605
0.204
0.1575
0.1065
0.081
0.132
0.4005
0.36
0.2835
0.1695
0.1515
0.111
0.1395
0.09
0.0585
0.0405
0.0645
0.051
0.0135
0.006
0.0
0.0
0.0
0.0
0.0
0.0
0.0
0.0
0.0
0.0
0.0
0.0
0.0
0.0
0.0
0.0
0.0
0.0
0.0075
0.0225
0.045
0.204
0.6825
0.6405
0.363
0.363
0.765
0.69
0.4815
0.804
0.4755
0.585
0.753
0.9885
1.1175
0.3375
0.141
0.198
0.2985
0.147
0.171
0.4155
0.36
0.513
0.591
0.1425
0.087
0.0405
0.015
0.006
0.003
0.0015
0.0015
0.0
0.0
0.0
0.0
0.0
0.0
0.0
0.0
0.0
0.0
0.0
0.003
0.009
0.027
0.0555
0.087
0.288
0.9195
1.1385
1.377
1.5825
1.779
1.3905
1.2045
2.2245
0.6855
0.582
2.526
2.5605
2.5515
2.514
2.4105
2.1435
2.0865
1.917
1.665
1.347
1.077
1.2585
0.828
0.6585
0.4665
0.0735
0.0465
0.021
0.0075
0.003
0.0
0.0
0.0
0.0
0.0
0.0015
0.0
0.0
0.0
0.0
0.0
0.0
0.003
0.0075
0.0225
0.0405
0.0825
0.1275
0.1935
0.2775
0.36
0.3255
0.3495
0.3735
0.468
1.7655
0.915
0.732
1.3425
1.185
1.428
0.7155
1.47
0.9855
0.975
0.48
1.032
1.2945
0.5565
0.63
0.513
0.366
0.306
0.117
0.099
0.042
0.0105
0.0045
0.0
0.0
0.0
0.0
0.0015
0.0
0.0
0.0
0.0
0.0
0.0
0.0
0.0
0.0015
0.012
0.0375
0.048
0.0795
0.192
0.3885
0.489
0.5595
1.3215
0.7515
1.0455
1.953
1.1625
0.6405
1.5885
0.837
1.1835
1.365
0.9795
1.1175
1.2825
0.825
1.29
1.056
0.669
0.699
0.393
0.21
0.1275
0.075
0.024
0.006
0.0015
0.0
0.0
0.0
0.0
0.0
0.0
0.0
0.0
0.0
0.0
0.0
0.0
0.0
0.0
0.0
0.0
0.0015
0.0075
0.021
0.0525
0.1005
0.111
0.12
0.1455
0.183
0.2325
0.345
0.186
0.2715
0.1545
0.1515
0.1455
0.141
0.144
0.1515
0.144
0.126
0.1095
0.0975
0.0855
0.0705
0.06
0.042
0.0165
0.006
0.0
0.0
0.0
0.0
0.0
0.0
0.0
0.0
0.0
0.0
0.0
0.0
0.0
0.0
0.0
0.0
0.0
0.0
0.0
0.0
0.0
0.0015
0.006
0.0105
0.0165
0.063
0.048
0.075
0.1005
0.1245
0.1365
0.1335
0.1155
0.1305
0.1185
0.0975
0.099
0.081
0.1095
0.078
0.075
0.0675
0.051
0.027
0.0075
0.0045
0.0
0.0
0.0
0.0
0.0
0.0
0.0
0.0
0.0
0.0
0.0
0.0
0.0
0.0
0.0
0.0
0.0
0.0
0.0
0.0
0.0
0.0
0.0
0.0
0.0
0.0045
0.012
0.018
0.042
0.0255
0.033
0.0345
0.0375
0.0375
0.0375
0.0405
0.0405
0.0435
0.039
0.042
0.0615
0.042
0.0405
0.027
0.0075
0.0045
0.0
0.0
0.0
0.0
0.0
0.0
0.0
0.0
0.0
0.0
0.0
0.0
0.0
0.0
0.0
0.0
0.0
0.0
0.0
0.0
0.0
0.0
0.0
0.0
0.0
0.0
0.0
0.0
0.003
0.006
0.0165
0.024
0.033
0.054
0.081
0.057
0.045
0.072
0.069
0.0975
0.0675
0.0675
0.039
0.0225
0.015
0.0075
0.0045
0.0
0.0
0.0
0.0
0.0
0.0
0.0
0.0
0.0
0.0
0.0
0.0
0.0
0.0
0.0
0.0
0.0
0.0
0.0
0.0
0.0
0.0
0.0
0.0
0.003
0.0135
0.039
0.072
0.5265
0.723
0.543
0.3195
0.936
0.81
0.753
0.6465
0.7035
0.42
0.27
0.459
0.3855
0.2505
0.1425
0.1305
0.1485
0.126
0.105
0.066
0.054
0.0525
0.024
0.012
0.006
0.0
0.0
0.0
0.0
0.0
0.0
0.0
0.0
0.0
0.0
0.0
0.0
0.0
0.0
0.0
0.0
0.0
0.0
0.0
0.003
0.012
0.045
0.1245
0.2205
0.2475
0.1905
0.318
0.309
0.426
1.056
0.396
1.194
0.915
0.6735
0.531
0.285
0.2895
0.2745
0.228
0.2565
0.2415
0.345
0.312
0.2565
0.204
0.1785
0.0885
0.0135
0.003
0.0
0.0
0.0
0.0
0.0
0.0
0.0
0.0
0.0
0.0
0.0
0.0
0.0
0.0
0.0
0.0
0.0
0.0
0.003
0.0075
0.054
0.1965
0.5745
0.4635
0.9525
0.6375
1.0395
1.1835
0.864
0.525
0.618
0.519
0.5865
0.657
0.5115
0.5775
0.6945
0.522
0.5325
0.369
0.294
0.24
0.135
0.1125
0.1365
0.051
0.0375
0.003
0.0
0.0
0.0
0.0
0.0
0.0
0.0
0.0
0.0
0.0
0.0
0.0
0.0
0.0
0.0
0.0
0.0
0.0
0.003
0.0075
0.015
0.0285
0.051
0.231
0.489
0.531
0.792
0.624
0.6285
0.498
0.4785
0.5295
0.573
0.627
0.5745
0.5325
0.435
0.366
0.375
0.246
0.252
0.2685
0.2355
0.171
0.0975
0.063
0.027
0.0045
0.0
0.0
0.0
0.0
0.0
0.0
0.0
0.0
0.0
0.0
0.0
0.0
0.0
0.0
0.0
0.0
0.0
0.0
0.0015
0.009
0.0195
0.051
0.0645
0.0765
0.102
0.0975
0.1695
0.237
0.1905
0.3285
0.6405
0.5955
0.765
0.498
0.6405
0.3405
0.435
0.534
0.504
0.4065
0.348
0.276
0.186
0.2535
0.0855
0.039
0.0135
0.0045
0.0
0.0
0.0
0.0
0.0
0.0
0.0
0.0
0.0
0.0
0.0
0.0
0.0
0.0
0.0
0.0
0.0
0.0
0.0075
0.0285
0.1005
0.1755
0.486
0.5295
0.4635
0.405
0.7035
0.702
0.756
0.4125
1.0245
0.9225
0.8115
0.5775
0.537
0.4485
0.243
0.153
0.267
0.1725
0.1185
0.207
0.192
0.147
0.1125
0.111
0.0255
0.006
0.0
0.0
0.0
0.0
0.0
0.0
0.0
0.0
0.0
0.0
0.0
0.0
0.0
0.0
0.0
0.0
0.0
0.0
0.006
0.012
0.0315
0.057
0.0885
0.189
0.579
0.324
0.4155
0.321
0.4095
0.636
0.4035
0.5835
0.4965
0.2955
0.4935
0.6345
0.6555
0.558
0.315
0.5055
0.4845
0.4065
0.309
0.2325
0.114
0.057
0.018
0.0045
0.0
0.0
0.0
0.0
0.0
0.0
0.0
0.0
0.0
0.0
0.0
0.0
0.0
0.0
0.0
0.0
0.0
0.0
0.0075
0.024
0.0495
0.2745
0.6735
0.906
1.188
0.8625
1.17
1.7265
1.737
0.1485
1.2555
1.1295
1.53
0.741
0.141
0.135
0.1305
0.1275
0.1215
0.1155
0.1125
0.105
0.1005
0.096
0.207
0.1125
0.0255
0.0075
0.0
0.0
0.0
0.0
0.0
0.0
0.0
0.0
0.0
0.0
0.0
0.0
0.0
0.0
0.0
0.0
0.0
0.0015
0.0075
0.033
0.078
0.3195
0.681
0.9675
1.212
0.885
1.143
1.7625
1.7355
0.165
1.173
1.086
1.641
0.9555
0.2685
0.2685
0.342
0.3735
0.468
0.483
0.336
0.3105
0.3015
0.2385
0.0885
0.072
0.03
0.006
0.003
0.0
0.0
0.0
0.0
0.0
0.0
0.0
0.0
0.0
0.0
0.0
0.0
0.0
0.0
0.0
0.0
0.0
0.0075
0.027
0.0615
0.1125
0.285
0.6465
0.6165
0.5175
1.233
0.7245
1.4145
0.4275
0.9375
1.05
1.245
1.008
0.612
0.6315
0.6585
0.564
0.366
0.4065
0.195
0.237
0.096
0.0555
0.0435
0.024
0.009
0.0045
0.0
0.0
0.0
0.0
0.0
0.0
0.0
0.0
0.0
0.0
0.0
0.0
0.0
0.0
0.0
0.0
0.0
0.0015
0.009
0.039
0.0795
0.366
0.444
0.894
1.1715
0.96
1.0845
1.752
1.758
0.21
0.972
1.269
1.956
1.3185
0.204
0.198
0.2325
0.2535
0.3435
0.252
0.1815
0.1515
0.1425
0.264
0.2565
0.1155
0.03
0.0075
0.0015
0.0
0.0
0.0
0.0
0.0
0.0
0.0
0.0
0.0
0.0
0.0
0.0
0.0
0.0
0.0
0.0
0.0015
0.009
0.033
0.0825
0.3
0.6825
0.819
0.96
0.867
0.9165
1.314
1.5765
0.2415
0.864
0.8775
1.245
1.1445
0.666
0.4335
0.441
0.369
0.4935
0.3675
0.4395
0.369
0.3105
0.2535
0.0855
0.051
0.015
0.0045
0.0
0.0
0.0
0.0
0.0
0.0
0.0
0.0
0.0
0.0
0.0
0.0
0.0
0.0
0.0
0.0
0.0
0.003
0.0105
0.039
0.0705
0.1575
0.318
0.7845
0.7185
0.7605
0.7635
1.6065
1.902
0.468
0.822
1.2555
1.9305
1.308
0.429
0.426
0.429
0.429
0.507
0.495
0.261
0.24
0.312
0.2175
0.2745
0.1305
0.039
0.0075
0.0015
0.0
0.0
0.0015
0.0
0.0
0.0
0.0
0.0
0.0
0.0
0.0
0.0
0.0
0.0
0.0
0.0
0.0
0.006
0.009
0.024
0.0375
0.0525
0.087
0.1395
0.204
0.3135
0.6585
0.5565
0.546
0.633
0.729
0.8415
0.615
0.5445
0.3705
0.3075
0.36
0.4725
0.2565
0.189
0.2295
0.4065
0.5085
0.216
0.0765
0.0585
0.0105
0.006
0.006
0.003
0.003
0.0045
0.0045
0.0045
0.003
0.003
0.003
0.0015
0.0015
0.003
0.0015
0.0
0.0
0.0
0.0045
0.009
0.0255
0.06
0.081
0.156
0.183
0.8235
0.984
0.3675
0.9285
0.537
0.468
0.5055
0.9465
1.8015
1.227
0.6735
0.3255
0.2385
0.366
0.423
0.2865
0.3315
0.282
0.396
0.3705
0.0825
0.0615
0.0405
0.012
0.006
0.0045
0.003
0.003
0.003
0.0045
0.003
0.003
0.003
0.003
0.0015
0.003
0.003
0.0015
0.0
0.0
0.0015
0.006
0.015
0.036
0.0765
0.516
0.762
1.002
1.263
1.2165
0.897
1.851
1.896
0.567
0.801
0.9
1.1745
1.0245
0.6885
0.63
0.678
0.6045
0.5985
0.468
0.39
0.2985
0.2055
0.171
0.093
0.0255
0.018
0.0075
0.006
0.006
0.006
0.0045
0.0045
0.006
0.0045
0.003
0.0045
0.003
0.0015
0.003
0.003
0.003
0.003
0.003
0.003
0.006
0.009
0.0405
0.105
0.5235
0.7395
1.023
1.2435
1.1385
0.8985
1.803
1.9185
0.42
0.558
1.0695
1.377
1.011
0.7395
0.543
0.399
0.528
0.4125
0.4575
0.3765
0.504
0.558
0.6495
0.3435
0.1875
0.0495
0.0135
0.006
0.006
0.006
0.006
0.006
0.003
0.003
0.003
0.003
0.003
0.0015
0.003
0.0015
0.0015
0.003
0.0
0.0015
0.006
0.018
0.0405
0.1095
0.501
0.735
0.933
1.1415
1.269
0.7995
1.776
2.088
0.4815
0.6135
1.9755
1.9965
1.56
1.248
0.474
0.4605
0.483
0.378
0.3795
0.3165
0.438
0.6315
0.4305
0.321
0.165
0.048
0.0135
0.0045
0.0
0.0
0.0
0.0
0.0015
0.0
0.0
0.0
