0.0
0.0
0.0
0.0
0.0
0.0
0.0
0.0
0.0
0.0
0.0
0.0
0.0
0.0
0.0
0.0045
0.0225
0.0615
0.0615
0.102
0.129
0.156
0.147
0.162
0.1755
0.1995
0.177
0.153
0.1245
0.0885
0.0495
0.015
0.0045
0.0
0.0
0.0
0.0
0.0
0.0
0.0
0.0
0.0
0.0
0.0
0.0
0.0
0.0
0.0
0.0
0.0
0.0
0.0
0.0
0.0
0.0
0.0
0.0
0.0
0.0
0.0
0.0
0.0
0.0015
0.0105
0.0375
0.0645
0.0945
0.0825
0.111
0.1155
0.132
0.15
0.1425
0.1155
0.1125
0.1395
0.09
0.09
0.0585
0.03
0.018
0.006
0.0
0.0
0.0
0.0
0.0
0.0
0.0
0.0
0.0
0.0
0.0
0.0
0.0
0.0
0.0
0.0
0.0
0.0
0.0
0.0
0.0
0.0
0.0
0.0
0.0
0.0
0.0015
0.0075
0.03
0.0765
0.147
0.228
0.3045
0.339
0.327
0.1125
0.246
0.441
0.468
0.4095
0.372
0.156
0.183
0.291
0.2145
0.165
0.1275
0.081
0.0375
0.009
0.0
0.0
0.0
0.0
0.0
0.0
0.0
0.0
0.0
0.0
0.0
0.0
0.0
0.0
0.0
0.0
0.0
0.0
0.0
0.0
0.0
0.0
0.0045
0.0225
0.0645
0.1005
0.123
0.1995
0.246
0.2445
0.252
0.294
0.318
0.2235
0.276
0.2985
0.2535
0.2865
0.2925
0.249
0.249
0.183
0.1365
0.087
0.081
0.081
0.0465
0.0315
0.0135
0.006
0.0
0.0
0.0
0.0
0.0
0.0
0.0
0.0
0.0
0.0
0.003
0.0015
0.003
0.003
0.0015
0.0015
0.003
0.0015
0.006
0.021
0.0495
0.159
0.5745
0.807
1.023
1.2435
1.3755
0.7215
1.7925
1.899
0.369
0.6945
2.007
2.1315
2.1465
2.1075
1.662
0.3345
0.1785
0.18
0.1665
0.195
0.8235
0.7215
0.6
0.312
0.2265
0.0345
0.012
0.006
0.0015
0.0
0.0
0.0015
0.0
0.0
0.0
0.0
0.0
0.0
0.0
0.0
0.0
0.0
0.003
0.009
0.0285
0.0615
0.1245
0.357
0.84
1.101
1.335
1.56
1.77
1.356
1.2225
1.6605
0.75
0.8805
2.2365
1.6725
1.5705
1.6785
1.719
1.347
1.4835
1.515
1.6035
1.473
1.0845
1.2465
0.6435
0.438
0.381
0.171
0.1065
0.039
0.009
0.0015
0.0
0.0
0.0
0.0
0.0
0.0
0.0
0.0
0.0
0.0
0.0
0.0
0.0
0.006
0.0075
0.0195
0.048
0.0795
0.153
0.1635
0.21
0.093
0.1965
0.6015
0.48
0.4485
0.402
0.429
1.476
0.891
0.411
0.5805
0.7365
0.819
1.0215
0.5025
0.6225
0.2175
0.1665
0.2265
0.267
0.198
0.2775
0.1335
0.051
0.036
0.009
0.0045
0.0
0.0
0.0
0.0
0.0
0.0
0.0
0.0
0.0
0.0
0.0
0.0
0.0
0.0015
0.006
0.0225
0.042
0.1125
0.3645
0.663
0.6105
0.342
1.4115
0.525
1.746
1.7025
0.3855
0.435
1.158
1.113
1.2645
1.056
0.5745
1.1595
1.2705
1.251
1.2405
1.3875
0.9645
0.7815
0.7965
0.4305
0.3345
0.099
0.0285
0.009
0.003
0.0
0.0
0.0
0.0
0.0
0.0
0.0
0.0
0.0
0.0
0.0
0.0
0.0
0.0
0.0
0.0
0.003
0.0075
0.0165
0.0285
0.1605
0.1245
0.132
0.147
0.186
0.267
0.264
0.273
0.1815
0.225
0.324
0.3375
0.096
0.1575
0.192
0.183
0.2235
0.2145
0.1605
0.1425
0.123
0.0765
0.0735
0.036
0.0075
0.0015
0.0
0.0015
0.0
0.0
0.0
0.0
0.0
0.0
0.0
0.0
0.0
0.0
0.0
0.0
0.0
0.0
0.0
0.0
0.0
0.0
0.0045
0.0105
0.018
0.0345
0.054
0.069
0.105
0.12
0.144
0.1515
0.093
0.0495
0.0465
0.0375
0.0255
0.0375
0.0765
0.078
0.0825
0.1035
0.054
0.048
0.0225
0.0105
0.0045
0.0
0.0
0.0
0.0
0.0
0.0
0.0
0.0
0.0
0.0
0.0
0.0015
0.0
0.0
0.0
0.0
0.0
0.0
0.0
0.0
0.0
0.0
0.0
0.0
0.0
0.006
0.012
0.015
0.018
0.0285
0.0345
0.0675
0.0825
0.069
0.057
0.0885
0.078
0.1035
0.1035
0.0525
0.027
0.03
0.0285
0.009
0.006
0.003
0.0
0.0
0.0
0.0
0.0
0.0
0.0
0.0
0.0
0.0
0.0
0.0
0.0
0.0
0.0
0.0
0.0
0.0
0.0
0.0
0.0
0.0
0.0
0.0
0.0
0.0
0.0
0.0
0.0015
0.006
0.0105
0.021
0.03
0.0375
0.0525
0.06
0.06
0.0555
0.054
0.057
0.0495
0.0375
0.0315
0.021
0.0105
0.006
0.003
0.0
0.0
0.0
0.0
0.0
0.0
0.0
0.0
0.0
0.0
0.0
0.0
0.0
0.0
0.0
0.0
0.0
0.0
0.0
0.0
0.0
0.0
0.0
0.0
0.0
0.0
0.0015
0.0105
0.0585
0.12
0.186
0.2235
0.132
0.1215
0.177
0.2805
0.351
0.348
0.2805
0.249
0.279
0.3495
0.3795
0.18
0.2295
0.2955
0.177
0.156
0.0675
0.0945
0.015
0.0045
0.0
0.0
0.0
0.0
0.0
0.0
0.0
0.0
0.0
0.0
0.0
0.0
0.0
0.0
0.0
0.0
0.0
0.0
0.0
0.0
0.0
0.0
0.0015
0.009
0.033
0.0645
0.0915
0.312
0.2085
0.1305
0.1245
0.135
0.1515
0.2745
0.222
0.294
0.219
0.261
0.2895
0.3045
0.2145
0.1545
0.2025
0.1665
0.0585
0.042
0.0135
0.0045
0.0
0.0
0.0
0.0
0.0
0.0
0.0
0.0
0.0
0.0
0.0
0.0
0.0
0.0
0.0
0.0
0.0
0.0
0.0
0.0
0.0
0.0
0.0015
0.0075
0.021
0.051
0.1065
0.1575
0.234
0.3555
0.3075
0.3195
0.3345
0.3735
0.2625
0.375
0.435
0.294
0.2355
0.312
0.201
0.3255
0.153
0.0705
0.0645
0.036
0.009
0.003
0.0
0.0
0.0
0.0
0.0
0.0
0.0
0.0
0.0
0.0
0.0
0.0
0.0
0.0
0.0
0.0
0.0
0.0
0.0
0.0
0.0
0.0
0.0015
0.006
0.0135
0.0375
0.063
0.09
0.1155
0.126
0.171
0.156
0.156
0.177
0.1575
0.138
0.174
0.132
0.078
0.087
0.1035
0.327
0.237
0.186
0.1635
0.066
0.015
0.0045
0.0
0.0
0.0
0.0
0.0
0.0
0.0
0.0
0.0
0.0
0.0
0.0
0.0
0.0
0.0
0.0
0.0
0.0
0.0
0.0
0.0
0.0
0.0015
0.0105
0.0465
0.111
0.144
0.174
0.1455
0.285
0.3315
0.291
0.429
0.546
0.33
0.255
0.2415
0.2325
0.3495
0.228
0.1395
0.0345
0.024
0.024
0.0255
0.0105
0.018
0.0045
0.0
0.0
0.0
0.0
0.0
0.0
0.0
0.0
0.0
0.0
0.0
0.0
0.0
0.0
0.0
0.0
0.0
0.0
0.0
0.0
0.0
0.0
0.003
0.015
0.0405
0.048
0.1125
0.171
0.258
0.294
0.366
0.324
0.3315
0.5475
0.4815
0.459
0.2865
0.3225
0.4335
0.447
0.366
0.1995
0.06
0.039
0.012
0.009
0.006
0.006
0.0
0.0
0.0
0.0
0.0
0.0
0.0
0.0
0.0
0.0
0.0
0.0
0.0
0.0
0.0
0.0
0.0
0.0
0.0
0.0
0.0
0.0
0.003
0.0075
0.021
0.0825
0.072
0.0855
0.1845
0.267
0.468
0.5415
0.294
0.3165
0.3885
0.2835
0.2595
0.1845
0.2445
0.3615
0.3585
0.2655
0.1935
0.171
0.0855
0.066
0.0315
0.0075
0.0015
0.0
0.0
0.0
0.0
0.0
0.0
0.0
0.0
0.0
0.0
0.0
0.0
0.0
0.0
0.0
0.0
0.0
0.0
0.0
0.0
0.0
0.0045
0.012
0.024
0.1515
0.2685
0.261
0.3555
0.3885
0.42
0.1455
0.0735
0.228
0.294
0.2265
0.3015
0.3975
0.405
0.1695
0.0675
0.0495
0.039
0.036
0.03
0.021
0.0075
0.0045
0.0
0.0
0.0
0.0
0.0
0.0
0.0
0.0
0.0
0.0
0.0
0.0
0.0
0.0
0.0
0.0
0.0
0.0
0.0
0.0
0.0
0.0
0.0045
0.024
0.0705
0.153
0.2145
0.3285
0.3915
0.423
0.4155
0.4095
0.459
0.486
0.489
0.4875
0.495
0.4335
0.3675
0.36
0.414
0.351
0.279
0.2085
0.1485
0.0705
0.024
0.006
0.0
0.0
0.0
0.0
0.0
0.0
0.0
0.0
0.0
0.0
0.0
0.0
0.0
0.0
0.0
0.0
0.0
0.0
0.0
0.0
0.0
0.0
0.0045
0.012
0.0315
0.0435
0.081
0.1065
0.1755
0.21
0.369
0.408
0.429
0.573
0.51
0.4545
0.576
0.4845
0.453
0.456
0.4725
0.2985
0.2055
0.1455
0.063
0.024
0.015
0.0045
0.0
0.0
0.0
0.0
0.0
0.0
0.0
0.0
0.0
0.0
0.0
0.0
0.0
0.0
0.0
0.0
0.0
0.0
0.0
0.0
0.0
0.0
0.003
0.0075
0.012
0.021
0.0285
0.0405
0.063
0.0975
0.117
0.1035
0.105
0.093
0.09
0.102
0.162
0.2235
0.198
0.2205
0.135
0.0795
0.054
0.039
0.0225
0.0135
0.0075
0.0045
0.0
0.0
0.0
0.0
0.0
0.0
0.0
0.0
0.0
0.0
0.0
0.0
0.0
0.0
0.0
0.0
0.0
0.0
0.0
0.0
0.0
0.0
0.003
0.0105
0.033
0.0495
0.0645
0.0435
0.048
0.0555
0.069
0.066
0.081
0.0855
0.096
0.0825
0.0705
0.081
0.0945
0.135
0.1245
0.1395
0.1245
0.0945
0.0705
0.033
0.012
0.006
0.0015
0.0
0.0
0.0
0.0
0.0
0.0
0.0
0.0
0.0
0.0
0.0
0.0
0.0
0.0
0.0
0.0
0.0
0.0
0.0
0.0
0.0
0.006
0.012
0.0405
0.0585
0.087
0.165
0.2205
0.2205
0.2535
0.231
0.2325
0.201
0.195
0.1665
0.1695
0.171
0.2115
0.2745
0.2205
0.162
0.135
0.111
0.093
0.0885
0.0495
0.0105
0.003
0.0
0.0
0.0
0.0
0.0
0.0
0.0
0.0
0.0
0.0
0.0
0.0
0.0
0.0
0.0
0.0
0.0
0.0
0.0
0.0
0.0
0.006
0.015
0.0405
0.0885
0.1845
0.153
0.2355
0.2745
0.282
0.2445
0.2595
0.261
0.291
0.369
0.402
0.282
0.2865
0.3135
0.3015
0.1845
0.1725
0.183
0.1665
0.1095
0.063
0.0135
0.003
0.0
0.0
0.0
0.0
0.0
0.0
0.0
0.0
0.0
0.0
0.0
0.0
0.0
0.0
0.0
0.0
0.0
0.0
0.0
0.0
0.0015
0.0105
0.0495
0.123
0.2265
0.3735
0.2925
0.267
0.258
0.405
0.3645
0.4815
0.453
0.426
0.447
0.3
0.3495
0.2565
0.3165
0.231
0.2595
0.1245
0.0645
0.06
0.0465
0.0315
0.0135
0.003
0.0
0.0
0.0
0.0
0.0
0.0
0.0
0.0
0.0
0.0
0.0
0.0
0.0
0.0
0.0
0.0
0.0
0.0
0.0
0.0
0.0015
0.0105
0.057
0.1095
0.201
0.3405
0.3165
0.618
0.87
0.4185
0.2235
0.408
0.3765
0.4365
0.399
0.2115
0.411
0.3975
0.3705
0.3375
0.285
0.2085
0.186
0.1275
0.096
0.036
0.009
0.003
0.0
0.0
0.0
0.0
0.0
0.0
0.0
0.0
0.0
0.0
0.0
0.0
0.0
0.0
0.0
0.0
0.0
0.0
0.0
0.0
0.0015
0.006
0.024
0.0975
0.2025
0.3615
0.2565
0.6495
0.792
0.216
0.2115
0.375
0.36
0.4365
0.444
0.483
0.2115
0.1905
0.2445
0.2715
0.1455
0.3
0.126
0.1215
0.048
0.0315
0.0165
0.0045
0.0
0.0
0.0
0.0
0.0
0.0
0.0
0.0
0.0
0.0
0.0
0.0
0.0
0.0
0.0
0.0
0.0
0.0
0.0
0.0
0.0015
0.006
0.018
0.0435
0.09
0.228
0.333
0.516
0.984
0.399
0.4545
0.2775
0.4485
0.375
0.3615
0.534
0.4365
0.2715
0.366
0.2985
0.2805
0.1155
0.192
0.1095
0.0465
0.036
0.0165
0.0045
0.0
0.0
0.0
0.0
0.0
0.0
0.0
0.0
0.0
0.0
0.0
0.0
0.0
0.0
0.0
0.0
0.0
0.0
0.0
0.0
0.003
0.0135
0.0375
0.0675
0.2895
0.591
0.3525
1.044
1.203
0.432
0.5415
0.5895
0.5235
0.4455
0.3765
0.297
0.2505
0.2865
0.4785
0.36
0.3555
0.237
0.159
0.126
0.087
0.03
0.0105
0.003
0.0
0.0
0.0
0.0
0.0
0.0
0.0
0.0
0.0
0.0
