0.0
0.0
0.0
0.0
0.0
0.0
0.0
0.0
0.0
0.0
0.0
0.0
0.0
0.0
0.0
0.0045
0.018
0.048
0.0765
0.09
0.1395
0.129
0.1605
0.201
0.1515
0.1215
0.135
0.1125
0.084
0.051
0.039
0.021
0.006
0.0
0.0
0.0
0.0
0.0
0.0
0.0
0.0
0.0
0.0
0.0
0.0
0.0
0.0
0.0
0.0
0.0
0.0
0.0
0.0
0.0
0.0
0.0
0.0
0.0
0.0
0.0
0.0
0.0
0.006
0.0195
0.042
0.051
0.0705
0.093
0.087
0.096
0.087
0.1065
0.1215
0.183
0.273
0.246
0.2265
0.1965
0.1275
0.0675
0.03
0.009
0.003
0.0
0.0
0.0
0.0
0.0
0.0
0.0
0.0
0.0
0.0
0.0
0.0
0.0
0.0
0.0
0.0
0.0
0.0
0.0
0.0
0.0
0.0
0.0
0.0
0.0
0.0045
0.009
0.018
0.036
0.0615
0.087
0.0885
0.072
0.1065
0.117
0.1185
0.1035
0.0825
0.15
0.1455
0.102
0.072
0.0585
0.057
0.057
0.084
0.0495
0.018
0.0075
0.0015
0.0
0.0
0.0
0.0
0.0
0.0
0.0
0.0
0.0
0.0
0.0
0.0
0.0
0.0
0.0
0.0
0.0
0.0
0.0
0.0
0.0
0.006
0.0225
0.0585
0.111
0.2355
0.3795
0.423
0.618
0.6465
0.6225
0.5355
0.612
0.654
0.666
0.678
0.648
0.5805
0.528
0.4185
0.3585
0.3375
0.288
0.288
0.2565
0.198
0.1335
0.0705
0.0135
0.0015
0.0
0.0
0.0
0.0
0.0
0.0
0.0
0.0
0.0
0.0
0.0
0.0
0.0
0.0
0.0
0.0
0.0
0.0075
0.0135
0.024
0.027
0.036
0.066
0.1335
0.2175
0.4125
0.477
0.4845
0.4005
0.6255
0.6495
0.795
1.674
0.9495
0.627
0.555
0.534
1.029
1.1145
1.0515
1.1805
0.7815
0.2175
0.183
0.165
0.0675
0.0525
0.0135
0.0045
0.0
0.0
0.0
0.0
0.0
0.0
0.0
0.0
0.0
0.0
0.0
0.0
0.0
0.0
0.0045
0.012
0.033
0.069
0.1245
0.2535
0.303
0.333
0.555
0.4875
0.5685
0.8145
0.8865
0.8475
0.843
0.828
2.2035
1.422
1.3335
1.389
1.416
1.38
1.881
2.0595
1.764
1.6245
1.254
1.035
0.561
0.288
0.171
0.0705
0.039
0.015
0.006
0.0015
0.0
0.0
0.0
0.0
0.0
0.0
0.0
0.0
0.0
0.0
0.0
0.0
0.0015
0.0075
0.024
0.0465
0.066
0.0915
0.63
0.99
1.2165
1.4235
1.614
1.611
0.807
2.0805
1.077
0.267
2.2215
2.3325
2.3055
2.2875
2.061
1.5885
1.2675
1.398
1.155
1.1175
0.9675
0.579
0.6285
0.4545
0.429
0.153
0.093
0.0345
0.0105
0.003
0.0
0.0
0.0
0.0
0.0
0.0
0.0
0.0
0.0
0.0
0.0
0.0
0.0
0.0
0.0045
0.0165
0.0405
0.0675
0.3615
0.7155
0.939
1.131
1.3395
0.609
1.761
1.6815
0.7005
0.705
1.098
1.9905
2.2455
1.938
1.224
0.72
0.54
0.393
0.4065
0.4065
0.5355
0.423
0.1035
0.1215
0.1185
0.024
0.0105
0.006
0.0
0.0
0.0
0.0
0.0
0.0
0.0
0.0015
0.0
0.0
0.0
0.0
0.0
0.0
0.0
0.0015
0.0
0.0
0.006
0.012
0.036
0.117
0.2145
0.5895
0.249
0.7965
0.477
0.2025
0.2025
0.2235
0.297
0.2715
0.126
0.1755
0.1425
0.1845
0.177
0.168
0.1635
0.15
0.099
0.1275
0.045
0.03
0.0105
0.0045
0.0
0.0
0.0
0.0
0.0
0.0
0.0
0.0
0.0
0.0
0.0
0.0
0.0
0.0
0.0
0.0
0.0
0.0
0.0
0.0
0.0
0.0015
0.006
0.015
0.0285
0.063
0.0765
0.078
0.048
0.042
0.0465
0.051
0.0705
0.135
0.1305
0.147
0.1485
0.1305
0.102
0.078
0.0495
0.027
0.033
0.0225
0.006
0.0015
0.0
0.0
0.0
0.0
0.0
0.0
0.0
0.0
0.0
0.0
0.0
0.0
0.0
0.0
0.0
0.0
0.0
0.0
0.0
0.0
0.0
0.0
0.0
0.0
0.0
0.003
0.009
0.027
0.0495
0.072
0.0765
0.0975
0.0975
0.132
0.156
0.138
0.1215
0.1275
0.057
0.0915
0.048
0.0255
0.0105
0.006
0.006
0.0
0.0
0.0
0.0
0.0
0.0
0.0
0.0
0.0
0.0
0.0
0.0
0.0
0.0
0.0
0.0
0.0
0.0
0.0
0.0
0.0
0.0
0.0
0.0
0.0
0.0
0.0
0.0
0.0
0.0015
0.009
0.0195
0.024
0.042
0.066
0.0915
0.1065
0.117
0.051
0.0435
0.0585
0.057
0.0525
0.0555
0.0315
0.024
0.009
0.0045
0.0
0.0
0.0
0.0
0.0
0.0
0.0
0.0
0.0
0.0
0.0
0.0
0.0
0.0
0.0
0.0
0.0
0.0
0.0
0.0
0.0
0.0
0.0
0.003
0.0135
0.0465
0.1395
0.366
0.612
0.591
0.489
0.6225
0.6765
1.536
1.6875
0.678
0.507
1.185
1.5285
1.059
0.5775
0.8385
0.6105
0.432
0.408
0.1965
0.345
0.387
0.2805
0.207
0.1365
0.0915
0.063
0.018
0.0045
0.0
0.0
0.0
0.0
0.0
0.0
0.0
0.0
0.0
0.0
0.0
0.0
0.0
0.0
0.0
0.0
0.003
0.0105
0.0285
0.0465
0.2685
0.681
0.933
1.1535
1.356
0.585
1.7475
1.929
0.606
0.5835
0.846
1.2825
0.7725
1.08
0.6795
0.531
0.5145
0.6165
0.582
0.3165
0.3105
0.2085
0.0975
0.105
0.1065
0.0585
0.009
0.003
0.0
0.0
0.0
0.0
0.0
0.0
0.0
0.0
0.0
0.0
0.0
0.0
0.0
0.0
0.0
0.0
0.0015
0.0075
0.033
0.084
0.1335
0.1845
0.264
0.4065
0.666
0.3735
0.2505
0.594
0.5625
0.5985
0.6045
0.711
0.627
0.729
0.5325
0.693
0.378
0.585
0.3075
0.4065
0.3015
0.4335
0.258
0.294
0.0465
0.033
0.009
0.003
0.0
0.0
0.0
0.0
0.0
0.0
0.0
0.0
0.0
0.0
0.0
0.0
0.0
0.0
0.0
0.0
0.0015
0.0105
0.042
0.0885
0.114
0.1815
0.1035
0.114
0.1875
0.2355
0.207
0.414
0.402
0.303
0.333
0.504
0.3795
0.4515
0.3255
0.4275
0.234
0.2175
0.411
0.372
0.42
0.399
0.36
0.15
0.1875
0.0765
0.03
0.003
0.0
0.0
0.0
0.0
0.0
0.0
0.0015
0.0
0.0
0.0
0.0
0.0
0.0
0.0
0.0
0.0
0.0015
0.009
0.036
0.081
0.1995
0.198
0.573
0.798
0.915
0.5865
1.2615
0.87
0.5625
0.543
0.648
0.759
0.7785
0.5265
0.54
0.3165
0.27
0.2505
0.264
0.3
0.4125
0.1755
0.0765
0.084
0.069
0.021
0.006
0.0015
0.0
0.0
0.0
0.0
0.0
0.0
0.0
0.0
0.0
0.0
0.0
0.0
0.0
0.0
0.0
0.0
0.0015
0.006
0.018
0.0465
0.255
0.3285
0.5265
0.5625
0.654
0.831
0.9585
0.4785
0.444
0.585
0.4995
0.825
1.1085
0.741
0.591
0.435
0.321
0.4395
0.336
0.2565
0.2745
0.252
0.399
0.198
0.1035
0.0375
0.012
0.003
0.0
0.0
0.0
0.0
0.0
0.0
0.0
0.0
0.0
0.0
0.0
0.0
0.0
0.0
0.0
0.0
0.0015
0.009
0.033
0.0585
0.198
0.672
0.903
1.137
1.128
0.816
1.701
1.527
0.4665
0.483
0.6975
1.083
0.8655
0.501
0.5085
0.4605
0.4695
0.4365
0.3615
0.3855
0.33
0.222
0.228
0.327
0.1395
0.0375
0.009
0.003
0.0
0.0
0.0
0.0
0.0
0.0
0.0
0.0
0.0
0.0
0.0
0.0
0.0
0.0
0.0
0.0
0.0015
0.0075
0.021
0.0765
0.1275
0.2505
0.4275
0.645
0.8535
0.8235
1.659
1.77
0.33
0.885
1.0575
1.8885
1.212
0.486
0.2805
0.2895
0.324
0.2355
0.1845
0.1755
0.1815
0.1635
0.159
0.2505
0.117
0.0345
0.0075
0.0015
0.0
0.0
0.0
0.0
0.0
0.0
0.0
0.0
0.0
0.0
0.0
0.0
0.0
0.0
0.0
0.0
0.0
0.006
0.024
0.096
0.156
0.333
0.612
0.8985
0.933
0.84
1.398
1.281
0.3885
0.942
0.99
1.458
0.9135
0.6345
0.2685
0.255
0.2325
0.276
0.2715
0.3825
0.246
0.2055
0.261
0.2175
0.084
0.0345
0.009
0.003
0.0
0.0
0.0
0.0
0.0
0.0
0.0
0.0
0.0
0.0
0.0
0.0
0.0
0.0
0.0
0.0
0.0
0.0045
0.0075
0.015
0.0495
0.06
0.054
0.0705
0.096
0.168
0.1065
0.177
0.1605
0.1485
0.1545
0.2385
0.3915
0.351
0.321
0.315
0.396
0.2565
0.432
0.3585
0.2475
0.324
0.309
0.1785
0.117
0.0465
0.006
0.0
0.0
0.0
0.0
0.0
0.0
0.0
0.0
0.0
0.0
0.0
0.0
0.0
0.0
0.0
0.0
0.0
0.0
0.006
0.0195
0.066
0.132
0.2355
0.495
0.828
0.708
0.8385
1.281
1.404
0.3765
0.9465
1.185
0.5805
0.762
0.546
0.5295
0.444
0.6195
0.5085
0.4515
0.2925
0.234
0.168
0.108
0.066
0.0315
0.012
0.006
0.0
0.0
0.0
0.0
0.0
0.0
0.0
0.0
0.0
0.0
0.0
0.0
0.0
0.0
0.0
0.0
0.0
0.0
0.0045
0.0075
0.024
0.057
0.0945
0.1515
0.129
0.105
0.1035
0.084
0.114
0.2775
0.2985
0.225
0.15
0.3165
0.411
0.306
0.3735
0.126
0.171
0.1185
0.1365
0.108
0.069
0.0525
0.015
0.0105
0.0075
0.003
0.0
0.0
0.0
0.0
0.0
0.0
0.0
0.0
0.0
0.0015
0.0
0.0
0.0
0.0
0.0015
0.0
0.0015
0.0
0.003
0.0075
0.015
0.0435
0.0855
0.117
0.2355
0.2595
0.465
0.48
0.4485
0.5505
0.8715
0.372
0.6585
0.3915
0.2685
0.264
0.333
0.4305
0.393
0.2715
0.237
0.264
0.3075
0.168
0.1095
0.069
0.0225
0.006
0.0
0.0
0.0
0.0
0.0
0.0
0.0
0.0
0.0
0.0
0.0
0.0
0.0
0.0
0.0
0.0
0.0
0.0
0.0045
0.009
0.027
0.0735
0.1335
0.1665
0.291
0.744
1.023
1.0785
1.425
0.234
1.098
0.909
0.6975
0.4125
0.3405
0.3765
0.24
0.186
0.1815
0.21
0.192
0.1485
0.1335
0.1155
0.093
0.06
0.018
0.006
0.0015
0.0015
0.0
0.0015
0.0
0.0
0.0
0.0
0.0
0.0
0.0
0.0
0.0
0.0
0.0
0.0
0.0
0.0
0.006
0.018
0.0495
0.1005
0.141
0.204
0.198
0.276
0.3945
0.6825
1.1175
0.159
1.1595
1.107
0.54
0.3
0.2685
0.207
0.1515
0.1575
0.15
0.147
0.1425
0.1515
0.114
0.12
0.0885
0.0435
0.0135
0.006
0.006
0.006
0.006
0.003
0.003
0.003
0.0015
0.0
0.0
0.0
0.0
0.0
0.0
0.0015
0.0
0.0
0.0
0.0
0.003
0.0105
0.039
0.0705
0.111
0.18
0.3375
0.7125
1.107
1.065
1.368
0.18
1.1355
0.918
0.3165
0.1665
0.1815
0.1935
0.201
0.234
0.2505
0.2865
0.2835
0.24
0.195
0.1515
0.108
0.051
0.0135
0.0045
0.0
0.0
0.0
0.0015
0.0
0.0
0.0
0.0
0.0
0.0
0.0
0.0
0.0
0.0
0.0
0.0
0.0
0.0
0.0045
0.009
0.048
0.15
0.1455
0.3
0.4935
0.5775
1.1265
0.972
1.275
0.1695
1.0605
0.7665
0.24
0.2055
0.3615
0.3435
0.384
0.3375
0.3585
0.297
0.2955
0.249
0.216
0.1665
0.12
0.0735
0.015
0.006
0.003
0.0015
0.0
0.0
0.0
0.0
0.0
0.0
0.0
0.0
0.0
0.0
0.0
0.0
0.0
0.0
0.0
0.0
0.0045
0.015
0.063
0.1365
0.156
0.504
0.93
0.6495
1.2285
0.9825
1.2975
0.4605
0.8175
0.5505
0.4335
0.4155
0.2175
0.201
0.2145
0.1935
0.2025
0.1965
0.2235
0.2115
0.1575
0.216
0.1215
0.081
0.018
0.0045
0.0
0.0
0.0
0.0
0.0
0.0
0.0
0.0
0.0
0.0
0.0
0.0
0.0
0.0
0.0
0.0
0.0
0.0
0.0045
0.0075
0.0405
0.114
0.399
0.6
0.9075
0.5295
1.3455
0.8715
1.215
0.123
0.93
0.4935
0.1455
0.141
0.1455
0.153
0.153
0.156
0.168
0.171
0.165
0.1785
0.141
0.1725
0.1275
0.0375
0.0105
0.006
0.003
0.003
0.003
0.003
0.003
0.0015
0.003
0.0
0.0
